file	F	P	R	F.tag	P.tag	R.tag	TP	FP	FN	TP.tag	FP.tag	FN.tag
103.txt	95.21	97.70	92.84	0.00	0.00	0.00	4538	107	350	0	0	188
104.txt	91.72	99.94	84.75	0.00	0.00	0.00	4658	3	838	0	0	207
105.txt	64.14	92.03	49.23	0.00	0.00	0.00	2864	248	2954	0	0	305
106.txt	98.16	99.79	96.57	0.00	0.00	0.00	479	1	17	0	0	15
107.txt	95.24	98.94	91.81	0.00	0.00	0.00	2052	22	183	0	0	65
108.txt	86.98	85.98	88.00	0.00	0.00	0.00	2632	429	359	0	0	89
109.txt	93.73	95.83	91.72	0.00	0.00	0.00	1495	65	135	0	0	28
110.txt	91.42	89.43	93.51	0.00	0.00	0.00	2665	315	185	0	0	43
111.txt	74.96	97.44	60.91	0.00	0.00	0.00	1332	35	855	0	0	62
112.txt	9.52	100.00	5.00	0.00	0.00	0.00	2	0	38	0	0	5
113.txt	89.19	97.69	82.05	0.00	0.00	0.00	8040	190	1759	0	0	349
114.txt	46.23	96.76	30.37	0.00	0.00	0.00	448	15	1027	0	0	166
115.txt	97.12	99.35	94.99	0.00	0.00	0.00	607	4	32	0	0	18
116.txt	93.66	97.35	90.23	0.00	0.00	0.00	3085	84	334	0	0	116
117.txt	98.65	100.00	97.34	0.00	0.00	0.00	3949	0	108	0	0	50
118.txt	95.75	100.00	91.84	0.00	0.00	0.00	653	0	58	0	0	35
119.txt	96.02	100.00	92.34	0.00	0.00	0.00	4483	0	372	0	0	184
120.txt	96.52	100.00	93.28	0.00	0.00	0.00	2249	0	162	0	0	121
121.txt	96.09	100.00	92.47	0.00	0.00	0.00	810	0	66	0	0	42
122.txt	95.09	100.00	90.64	0.00	0.00	0.00	339	0	35	0	0	20
123.txt	87.51	89.90	85.24	0.00	0.00	0.00	543	61	94	0	0	23
124.txt	91.29	93.78	88.94	0.00	0.00	0.00	1206	80	150	0	0	41
125.txt	82.73	77.71	88.44	0.00	0.00	0.00	1339	384	175	0	0	35
126.txt	95.11	99.95	90.72	0.00	0.00	0.00	2131	1	218	0	0	46
127.txt	93.89	99.71	88.71	0.00	0.00	0.00	5242	15	667	0	0	196
128.txt	86.87	95.65	79.57	0.00	0.00	0.00	3185	145	818	0	0	110
129.txt	97.11	99.39	94.93	0.00	0.00	0.00	1968	12	105	0	0	73
130.txt	96.38	99.58	93.37	0.00	0.00	0.00	718	3	51	0	0	21
131.txt	95.65	97.12	94.22	0.00	0.00	0.00	2331	69	143	0	0	84
132.txt	92.73	100.00	86.45	0.00	0.00	0.00	1690	0	265	0	0	76
133.txt	96.16	99.86	92.72	0.00	0.00	0.00	7698	11	604	0	0	199
134.txt	0.89	100.00	0.45	0.00	0.00	0.00	2	0	447	0	0	115
135.txt	86.63	92.16	81.73	0.00	0.00	0.00	1763	150	394	0	0	80
136.txt	95.42	98.83	92.24	0.00	0.00	0.00	7784	92	655	0	0	189
137.txt	93.19	99.89	87.32	0.00	0.00	0.00	1846	2	268	0	0	86
138.txt	95.10	100.00	90.66	0.00	0.00	0.00	757	0	78	0	0	16
139.txt	85.39	84.53	86.27	0.00	0.00	0.00	1131	207	180	0	0	25
140.txt	94.84	96.70	93.06	0.00	0.00	0.00	1407	48	105	0	0	22
141.txt	98.93	100.00	97.89	0.00	0.00	0.00	2321	0	50	0	0	30
142.txt	87.30	84.80	89.94	0.00	0.00	0.00	2450	439	274	0	0	52
143.txt	82.64	78.42	87.34	0.00	0.00	0.00	2788	767	404	0	0	83
144.txt	88.14	89.43	86.88	0.00	0.00	0.00	2682	317	405	0	0	69
145.txt	93.43	94.68	92.22	0.00	0.00	0.00	1423	80	120	0	0	59
146.txt	98.30	99.52	97.10	0.00	0.00	0.00	1675	8	50	0	0	46
147.txt	98.55	99.79	97.34	0.00	0.00	0.00	2821	6	77	0	0	55
148.txt	85.80	87.80	83.89	0.00	0.00	0.00	6213	863	1193	0	0	159
149.txt	83.01	97.43	72.31	0.00	0.00	0.00	530	14	203	0	0	24
150.txt	1.41	0.74	14.29	0.00	0.00	0.00	6	802	36	0	0	3
151.txt	95.52	99.99	91.44	0.00	0.00	0.00	7238	1	678	0	0	240
152.txt	88.36	100.00	79.14	0.00	0.00	0.00	1233	0	325	0	0	48
153.txt	82.33	81.87	82.80	0.00	0.00	0.00	2984	661	620	0	0	50
154.txt	93.81	99.62	88.65	0.00	0.00	0.00	7568	29	969	0	0	172
155.txt	91.51	99.58	84.64	0.00	0.00	0.00	1185	5	215	0	0	80
156.txt	44.83	32.10	74.29	0.00	0.00	0.00	26	55	9	0	0	3
157.txt	91.59	100.00	84.48	0.00	0.00	0.00	49	0	9	0	0	2
158.txt	86.15	99.63	75.89	0.00	0.00	0.00	812	3	258	0	0	51
159.txt	89.41	85.06	94.22	0.00	0.00	0.00	1076	189	66	0	0	22
160.txt	87.82	92.49	83.59	0.00	0.00	0.00	973	79	191	0	0	47
161.txt	97.03	100.00	94.23	0.00	0.00	0.00	751	0	46	0	0	28
162.txt	95.87	97.81	94.00	0.00	0.00	0.00	2273	51	145	0	0	88
163.txt	70.50	88.45	58.61	0.00	0.00	0.00	2995	391	2115	0	0	93
164.txt	12.00	10.17	14.63	0.00	0.00	0.00	6	53	35	0	0	3
165.txt	97.45	98.37	96.56	0.00	0.00	0.00	4346	72	155	0	0	104
166.txt	97.43	100.00	94.98	0.00	0.00	0.00	1060	0	56	0	0	34
167.txt	84.82	100.00	73.64	0.00	0.00	0.00	651	0	233	0	0	34
168.txt	97.74	98.43	97.07	0.00	0.00	0.00	563	9	17	0	0	13
169.txt	98.97	99.52	98.41	0.00	0.00	0.00	9996	48	161	0	0	117
170.txt	99.29	100.00	98.58	0.00	0.00	0.00	3197	0	46	0	0	42
171.txt	98.03	99.12	96.97	0.00	0.00	0.00	897	8	28	0	0	16
172.txt	97.69	100.00	95.48	0.00	0.00	0.00	1013	0	48	0	0	29
173.txt	86.11	78.78	94.94	0.00	0.00	0.00	375	101	20	0	0	7
174.txt	86.94	87.64	86.25	0.00	0.00	0.00	2835	400	452	0	0	106
175.txt	66.49	52.99	89.21	0.00	0.00	0.00	124	110	15	0	0	3
176.txt	91.13	87.73	94.80	0.00	0.00	0.00	1623	227	89	0	0	52
177.txt	99.23	100.00	98.47	0.00	0.00	0.00	3610	0	56	0	0	52
178.txt	51.76	67.40	42.01	0.00	0.00	0.00	184	89	254	0	0	62
179.txt	97.09	99.65	94.65	0.00	0.00	0.00	2884	10	163	0	0	67
180.txt	0.35	100.00	0.18	0.00	0.00	0.00	2	0	1133	0	0	244
181.txt	95.08	96.10	94.09	0.00	0.00	0.00	2660	108	167	0	0	65
182.txt	73.23	92.82	60.47	0.00	0.00	0.00	866	67	566	0	0	200
183.txt	78.88	99.33	65.41	0.00	0.00	0.00	590	4	312	0	0	36
184.txt	98.83	99.84	97.83	0.00	0.00	0.00	4418	7	98	0	0	39
185.txt	95.78	95.64	95.93	0.00	0.00	0.00	1602	73	68	0	0	40
186.txt	93.07	98.55	88.17	0.00	0.00	0.00	1222	18	164	0	0	68
187.txt	82.65	80.68	84.72	0.00	0.00	0.00	1996	478	360	0	0	66
188.txt	95.84	96.64	95.05	0.00	0.00	0.00	2614	91	136	0	0	47
189.txt	79.55	98.77	66.60	0.00	0.00	0.00	1280	16	642	0	0	117
190.txt	85.98	85.23	86.74	0.00	0.00	0.00	831	144	127	0	0	30
191.txt	95.07	99.91	90.68	0.00	0.00	0.00	4554	4	468	0	0	158
192.txt	70.86	100.00	54.88	0.00	0.00	0.00	242	0	199	0	0	34
193.txt	84.87	81.86	88.11	0.00	0.00	0.00	4092	907	552	0	0	73
194.txt	94.00	98.93	89.53	0.00	0.00	0.00	3344	36	391	0	0	75
195.txt	82.08	100.00	69.60	0.00	0.00	0.00	87	0	38	0	0	14
196.txt	87.26	92.60	82.50	0.00	0.00	0.00	1815	145	385	0	0	89
197.txt	66.69	66.57	66.82	0.00	0.00	0.00	1756	882	872	0	0	114
198.txt	53.19	99.82	36.26	0.00	0.00	0.00	1686	3	2964	0	0	278
199.txt	97.21	99.57	94.96	0.00	0.00	0.00	1374	6	73	0	0	29
200.txt	87.87	92.41	83.75	0.00	0.00	0.00	706	58	137	0	0	38
201.txt	91.31	97.84	85.61	0.00	0.00	0.00	1130	25	190	0	0	29
202.txt	86.04	85.92	86.16	0.00	0.00	0.00	1525	250	245	0	0	46
203.txt	25.00	96.58	14.36	0.00	0.00	0.00	141	5	841	0	0	40
204.txt	93.34	95.88	90.93	0.00	0.00	0.00	1303	56	130	0	0	32
205.txt	81.08	91.76	72.63	0.00	0.00	0.00	2572	231	969	0	0	150
206.txt	68.41	98.33	52.44	0.00	0.00	0.00	354	6	321	0	0	39
207.txt	94.69	97.73	91.82	0.00	0.00	0.00	1595	37	142	0	0	47
208.txt	98.95	99.90	98.02	0.00	0.00	0.00	2082	2	42	0	0	23
209.txt	96.02	98.58	93.58	0.00	0.00	0.00	2436	35	167	0	0	29
210.txt	96.74	95.04	98.51	0.00	0.00	0.00	2971	155	45	0	0	36
211.txt	53.63	100.00	36.64	0.00	0.00	0.00	421	0	728	0	0	99
212.txt	1.02	100.00	0.51	0.00	0.00	0.00	2	0	390	0	0	51
213.txt	95.79	97.87	93.80	0.00	0.00	0.00	5836	127	386	0	0	152
214.txt	95.67	100.00	91.69	0.00	0.00	0.00	872	0	79	0	0	27
215.txt	54.07	99.75	37.09	0.00	0.00	0.00	395	1	670	0	0	93
216.txt	93.61	95.49	91.80	0.00	0.00	0.00	2306	109	206	0	0	53
217.txt	95.67	99.15	92.43	0.00	0.00	0.00	5138	44	421	0	0	90
218.txt	92.06	94.41	89.83	0.00	0.00	0.00	1148	68	130	0	0	39
219.txt	76.23	95.25	63.55	0.00	0.00	0.00	1883	94	1080	0	0	140
220.txt	94.30	99.84	89.34	0.00	0.00	0.00	637	1	76	0	0	21
221.txt	95.37	100.00	91.15	0.00	0.00	0.00	4152	0	403	0	0	106
222.txt	97.43	99.83	95.14	0.00	0.00	0.00	3583	6	183	0	0	79
223.txt	72.84	95.31	58.94	0.00	0.00	0.00	244	12	170	0	0	24
224.txt	0.12	50.00	0.06	0.00	0.00	0.00	1	1	1654	0	0	238
225.txt	91.86	91.90	91.81	0.00	0.00	0.00	987	87	88	0	0	36
226.txt	36.50	98.91	22.38	0.00	0.00	0.00	273	3	947	0	0	157
227.txt	94.92	99.65	90.62	0.00	0.00	0.00	1150	4	119	0	0	41
228.txt	88.95	99.70	80.29	0.00	0.00	0.00	1010	3	248	0	0	35
229.txt	84.21	97.82	73.93	0.00	0.00	0.00	1659	37	585	0	0	121
230.txt	92.71	96.30	89.38	0.00	0.00	0.00	884	34	105	0	0	34
231.txt	60.77	91.37	45.52	0.00	0.00	0.00	1143	108	1368	0	0	124
232.txt	95.94	99.78	92.38	0.00	0.00	0.00	4171	9	344	0	0	136
233.txt	96.63	99.94	93.54	0.00	0.00	0.00	1565	1	108	0	0	33
234.txt	66.58	93.76	51.62	0.00	0.00	0.00	2344	156	2197	0	0	128
235.txt	71.18	97.45	56.06	0.00	0.00	0.00	726	19	569	0	0	178
236.txt	84.91	98.78	74.45	0.00	0.00	0.00	810	10	278	0	0	39
237.txt	95.92	99.88	92.25	0.00	0.00	0.00	5859	7	492	0	0	169
238.txt	90.93	97.65	85.08	0.00	0.00	0.00	4488	108	787	0	0	83
239.txt	97.53	99.40	95.73	0.00	0.00	0.00	1657	10	74	0	0	47
240.txt	95.94	99.31	92.79	0.00	0.00	0.00	5301	37	412	0	0	100
241.txt	96.02	99.38	92.89	0.00	0.00	0.00	4021	25	308	0	0	100
242.txt	21.05	93.55	11.86	0.00	0.00	0.00	116	8	862	0	0	100
243.txt	93.58	99.73	88.15	0.00	0.00	0.00	372	1	50	0	0	16
244.txt	96.34	100.00	92.93	0.00	0.00	0.00	2576	0	196	0	0	80
245.txt	87.95	99.83	78.60	0.00	0.00	0.00	595	1	162	0	0	26
246.txt	38.41	94.64	24.09	0.00	0.00	0.00	53	3	167	0	0	14
247.txt	95.20	99.83	90.99	0.00	0.00	0.00	2322	4	230	0	0	64
249.txt	93.66	99.43	88.52	0.00	0.00	0.00	1396	8	181	0	0	61
250.txt	26.45	98.83	15.27	0.00	0.00	0.00	2365	28	13125	0	0	1437
251.txt	98.86	100.00	97.75	0.00	0.00	0.00	4910	0	113	0	0	109
252.txt	95.02	98.06	92.16	0.00	0.00	0.00	8300	164	706	0	0	203
253.txt	96.01	99.71	92.58	0.00	0.00	0.00	686	2	55	0	0	20
254.txt	95.72	99.89	91.89	0.00	0.00	0.00	918	1	81	0	0	35
255.txt	76.50	98.55	62.51	0.00	0.00	0.00	612	9	367	0	0	54
256.txt	96.06	98.60	93.64	0.00	0.00	0.00	2473	35	168	0	0	59
257.txt	97.91	99.92	95.97	0.00	0.00	0.00	1287	1	54	0	0	14
258.txt	95.02	99.70	90.75	0.00	0.00	0.00	2698	8	275	0	0	90
259.txt	96.95	99.35	94.66	0.00	0.00	0.00	2462	16	139	0	0	38
260.txt	52.23	100.00	35.34	0.00	0.00	0.00	346	0	633	0	0	114
261.txt	85.77	98.74	75.82	0.00	0.00	0.00	2276	29	726	0	0	52
262.txt	61.08	100.00	43.97	0.00	0.00	0.00	51	0	65	0	0	6
263.txt	98.00	100.00	96.07	0.00	0.00	0.00	856	0	35	0	0	22
264.txt	94.00	100.00	88.68	0.00	0.00	0.00	564	0	72	0	0	24
265.txt	87.11	81.98	92.93	0.00	0.00	0.00	828	182	63	0	0	42
266.txt	92.66	99.49	86.71	0.00	0.00	0.00	587	3	90	0	0	46
267.txt	98.53	99.96	97.13	0.00	0.00	0.00	8125	3	240	0	0	124
268.txt	98.34	99.89	96.84	0.00	0.00	0.00	14629	16	478	0	0	391
269.txt	97.41	98.90	95.96	0.00	0.00	0.00	902	10	38	0	0	13
270.txt	12.90	100.00	6.90	0.00	0.00	0.00	2	0	27	0	0	2
271.txt	94.02	94.40	93.65	0.00	0.00	0.00	236	14	16	0	0	10
272.txt	66.96	97.03	51.12	0.00	0.00	0.00	1274	39	1218	0	0	122
273.txt	96.12	95.33	96.92	0.00	0.00	0.00	4817	236	153	0	0	108
274.txt	96.14	96.44	95.85	0.00	0.00	0.00	947	35	41	0	0	25
275.txt	98.20	100.00	96.47	0.00	0.00	0.00	1311	0	48	0	0	26
276.txt	62.94	56.12	71.65	0.00	0.00	0.00	422	330	167	0	0	26
277.txt	99.29	99.87	98.71	0.00	0.00	0.00	2295	3	30	0	0	27
278.txt	100.00	100.00	100.00	0.00	0.00	0.00	2	0	0	0	0	0
279.txt	95.37	97.93	92.94	0.00	0.00	0.00	1513	32	115	0	0	41
280.txt	97.10	97.56	96.64	0.00	0.00	0.00	5600	140	195	0	0	100
281.txt	95.39	96.99	93.85	0.00	0.00	0.00	2900	90	190	0	0	63
282.txt	95.53	94.56	96.51	0.00	0.00	0.00	3097	178	112	0	0	50
283.txt	97.85	99.19	96.55	0.00	0.00	0.00	615	5	22	0	0	16
284.txt	98.69	98.69	98.69	0.00	0.00	0.00	451	6	6	0	0	6
285.txt	97.91	98.80	97.04	0.00	0.00	0.00	820	10	25	0	0	18
286.txt	88.35	80.84	97.39	0.00	0.00	0.00	1751	415	47	0	0	31
287.txt	88.81	82.12	96.70	0.00	0.00	0.00	790	172	27	0	0	27
288.txt	97.22	98.50	95.98	0.00	0.00	0.00	8608	131	361	0	0	248
289.txt	99.21	99.51	98.92	0.00	0.00	0.00	4846	24	53	0	0	43
290.txt	96.69	96.08	97.31	0.00	0.00	0.00	760	31	21	0	0	11
291.txt	96.45	97.88	95.05	0.00	0.00	0.00	1249	27	65	0	0	45
292.txt	92.21	98.41	86.74	0.00	0.00	0.00	556	9	85	0	0	27
293.txt	76.49	63.46	96.25	0.00	0.00	0.00	745	429	29	0	0	25
294.txt	97.92	100.00	95.92	0.00	0.00	0.00	681	0	29	0	0	20
295.txt	87.37	95.66	80.41	0.00	0.00	0.00	2249	102	548	0	0	88
296.txt	89.61	99.43	81.55	0.00	0.00	0.00	1388	8	314	0	0	57
297.txt	73.77	99.46	58.63	0.00	0.00	0.00	367	2	259	0	0	39
298.txt	96.66	95.88	97.46	0.00	0.00	0.00	1419	61	37	0	0	29
299.txt	96.76	99.63	94.05	0.00	0.00	0.00	1628	6	103	0	0	41
300.txt	95.29	95.68	94.91	0.00	0.00	0.00	708	32	38	0	0	24
301.txt	84.44	85.23	83.66	0.00	0.00	0.00	860	149	168	0	0	34
302.txt	80.17	70.37	93.14	0.00	0.00	0.00	95	40	7	0	0	2
303.txt	94.81	98.07	91.75	0.00	0.00	0.00	712	14	64	0	0	15
304.txt	82.89	97.77	71.94	0.00	0.00	0.00	3028	69	1181	0	0	238
305.txt	79.53	99.40	66.29	0.00	0.00	0.00	987	6	502	0	0	94
306.txt	90.01	97.81	83.36	0.00	0.00	0.00	2549	57	509	0	0	118
307.txt	52.64	36.40	95.02	0.00	0.00	0.00	649	1134	34	0	0	16
308.txt	66.15	49.85	98.30	0.00	0.00	0.00	1967	1979	34	0	0	21
309.txt	76.98	72.72	81.78	0.00	0.00	0.00	2356	884	525	0	0	64
310.txt	94.96	92.49	97.56	0.00	0.00	0.00	160	13	4	0	0	4
311.txt	98.31	99.84	96.82	0.00	0.00	0.00	3773	6	124	0	0	63
312.txt	92.44	99.03	86.67	0.00	0.00	0.00	1021	10	157	0	0	31
313.txt	98.39	97.67	99.12	0.00	0.00	0.00	1799	43	16	0	0	16
314.txt	96.05	99.44	92.87	0.00	0.00	0.00	1968	11	151	0	0	65
315.txt	96.47	99.51	93.61	0.00	0.00	0.00	806	4	55	0	0	28
316.txt	97.89	99.12	96.69	0.00	0.00	0.00	3267	29	112	0	0	48
317.txt	95.80	96.37	95.24	0.00	0.00	0.00	1061	40	53	0	0	39
318.txt	94.91	94.87	94.95	0.00	0.00	0.00	1035	56	55	0	0	34
319.txt	63.69	99.22	46.90	0.00	0.00	0.00	2677	21	3031	0	0	614
320.txt	96.78	99.74	93.99	0.00	0.00	0.00	4987	13	319	0	0	128
321.txt	97.93	100.00	95.95	0.00	0.00	0.00	901	0	38	0	0	17
322.txt	50.31	90.62	34.82	0.00	0.00	0.00	493	51	923	0	0	69
323.txt	96.75	100.00	93.71	0.00	0.00	0.00	447	0	30	0	0	17
324.txt	92.54	90.81	94.34	0.00	0.00	0.00	4049	410	243	0	0	77
325.txt	55.46	92.14	39.66	0.00	0.00	0.00	1489	127	2265	0	0	70
326.txt	98.96	100.00	97.95	0.00	0.00	0.00	859	0	18	0	0	18
327.txt	97.56	100.00	95.23	0.00	0.00	0.00	399	0	20	0	0	4
328.txt	96.90	99.73	94.22	0.00	0.00	0.00	1483	4	91	0	0	51
329.txt	100.00	100.00	100.00	0.00	0.00	0.00	2	0	0	0	0	0
330.txt	87.44	93.39	82.21	0.00	0.00	0.00	2782	197	602	0	0	147
331.txt	91.15	96.38	86.47	0.00	0.00	0.00	984	37	154	0	0	55
332.txt	98.93	100.00	97.88	0.00	0.00	0.00	1434	0	31	0	0	17
333.txt	85.25	76.28	96.59	0.00	0.00	0.00	312	97	11	0	0	9
334.txt	84.94	96.48	75.87	0.00	0.00	0.00	1754	64	558	0	0	109
335.txt	98.72	99.75	97.71	0.00	0.00	0.00	812	2	19	0	0	9
336.txt	47.52	100.00	31.17	0.00	0.00	0.00	163	0	360	0	0	38
337.txt	84.89	91.20	79.40	0.00	0.00	0.00	632	61	164	0	0	42
338.txt	93.07	96.31	90.04	0.00	0.00	0.00	470	18	52	0	0	15
339.txt	98.13	99.47	96.83	0.00	0.00	0.00	946	5	31	0	0	12
340.txt	95.81	93.91	97.77	0.00	0.00	0.00	571	37	13	0	0	5
341.txt	96.60	95.23	98.01	0.00	0.00	0.00	6255	313	127	0	0	30
342.txt	88.04	95.83	81.42	0.00	0.00	0.00	2690	117	614	0	0	101
343.txt	96.30	94.02	98.69	0.00	0.00	0.00	2184	139	29	0	0	20
344.txt	93.18	94.61	91.80	0.00	0.00	0.00	772	44	69	0	0	36
345.txt	97.52	98.94	96.15	0.00	0.00	0.00	1497	16	60	0	0	41
346.txt	96.98	96.64	97.32	0.00	0.00	0.00	2647	92	73	0	0	41
347.txt	81.07	98.78	68.75	0.00	0.00	0.00	3712	46	1687	0	0	168
348.txt	93.45	100.00	87.70	0.00	0.00	0.00	271	0	38	0	0	10
349.txt	96.77	98.37	95.21	0.00	0.00	0.00	3202	53	161	0	0	124
350.txt	94.01	92.12	95.98	0.00	0.00	0.00	1075	92	45	0	0	30
351.txt	91.67	99.42	85.04	0.00	0.00	0.00	341	2	60	0	0	13
352.txt	26.82	70.72	16.55	0.00	0.00	0.00	285	118	1437	0	0	89
353.txt	95.80	95.13	96.48	0.00	0.00	0.00	2382	122	87	0	0	50
354.txt	99.35	100.00	98.71	0.00	0.00	0.00	3456	0	45	0	0	43
355.txt	98.35	100.00	96.75	0.00	0.00	0.00	714	0	24	0	0	15
356.txt	98.17	99.28	97.08	0.00	0.00	0.00	1527	11	46	0	0	30
357.txt	98.61	99.42	97.81	0.00	0.00	0.00	1025	6	23	0	0	17
358.txt	79.43	67.47	96.55	0.00	0.00	0.00	168	81	6	0	0	5
359.txt	85.21	82.24	88.41	0.00	0.00	0.00	5186	1120	680	0	0	142
360.txt	98.49	99.60	97.40	0.00	0.00	0.00	8140	33	217	0	0	162
361.txt	2.86	100.00	1.45	0.00	0.00	0.00	2	0	136	0	0	8
362.txt	88.29	99.45	79.39	0.00	0.00	0.00	724	4	188	0	0	45
363.txt	90.88	97.74	84.92	0.00	0.00	0.00	777	18	138	0	0	25
364.txt	91.91	100.00	85.04	0.00	0.00	0.00	341	0	60	0	0	12
365.txt	97.09	99.89	94.44	0.00	0.00	0.00	884	1	52	0	0	32
366.txt	0.56	100.00	0.28	0.00	0.00	0.00	2	0	712	0	0	120
367.txt	96.92	96.64	97.21	0.00	0.00	0.00	1639	57	47	0	0	12
368.txt	97.66	97.35	97.97	0.00	0.00	0.00	917	25	19	0	0	14
369.txt	0.73	100.00	0.37	0.00	0.00	0.00	2	0	542	0	0	38
370.txt	94.46	98.99	90.33	0.00	0.00	0.00	1074	11	115	0	0	42
371.txt	40.05	99.05	25.10	0.00	0.00	0.00	312	3	931	0	0	77
372.txt	98.06	100.00	96.20	0.00	0.00	0.00	1721	0	68	0	0	41
373.txt	97.15	99.91	94.53	0.00	0.00	0.00	8883	8	514	0	0	131
374.txt	87.95	99.14	79.03	0.00	0.00	0.00	1274	11	338	0	0	21
375.txt	1.94	100.00	0.98	0.00	0.00	0.00	2	0	202	0	0	26
376.txt	96.87	99.46	94.41	0.00	0.00	0.00	4050	22	240	0	0	69
377.txt	95.18	98.61	91.99	0.00	0.00	0.00	850	12	74	0	0	12
378.txt	91.08	99.22	84.17	0.00	0.00	0.00	2424	19	456	0	0	86
379.txt	89.24	90.24	88.26	0.00	0.00	0.00	481	52	64	0	0	24
380.txt	96.89	99.20	94.68	0.00	0.00	0.00	2617	21	147	0	0	33
381.txt	97.19	98.66	95.76	0.00	0.00	0.00	587	8	26	0	0	10
382.txt	97.58	100.00	95.28	0.00	0.00	0.00	1312	0	65	0	0	33
383.txt	89.87	99.58	81.88	0.00	0.00	0.00	235	1	52	0	0	21
384.txt	90.01	91.31	88.75	0.00	0.00	0.00	4940	470	626	0	0	151
385.txt	96.45	97.74	95.19	0.00	0.00	0.00	1820	42	92	0	0	47
386.txt	90.16	98.48	83.13	0.00	0.00	0.00	1099	17	223	0	0	53
387.txt	97.37	99.78	95.08	0.00	0.00	0.00	927	2	48	0	0	30
388.txt	91.11	98.88	84.46	0.00	0.00	0.00	3191	36	587	0	0	169
389.txt	94.60	99.80	89.91	0.00	0.00	0.00	989	2	111	0	0	39
390.txt	98.53	99.71	97.38	0.00	0.00	0.00	2043	6	55	0	0	22
391.txt	98.34	99.56	97.16	0.00	0.00	0.00	1811	8	53	0	0	48
392.txt	93.43	96.03	90.97	0.00	0.00	0.00	1450	60	144	0	0	29
393.txt	97.42	98.09	96.77	0.00	0.00	0.00	1078	21	36	0	0	19
394.txt	94.95	97.89	92.19	0.00	0.00	0.00	5747	124	487	0	0	84
395.txt	91.12	93.46	88.90	0.00	0.00	0.00	1129	79	141	0	0	51
396.txt	96.46	99.07	93.99	0.00	0.00	0.00	19731	185	1262	0	0	337
397.txt	95.90	96.00	95.80	0.00	0.00	0.00	1393	58	61	0	0	20
398.txt	81.22	98.64	69.03	0.00	0.00	0.00	3700	51	1660	0	0	174
399.txt	90.68	90.27	91.10	0.00	0.00	0.00	4155	448	406	0	0	101
400.txt	95.57	100.00	91.52	0.00	0.00	0.00	572	0	53	0	0	17
401.txt	98.77	99.70	97.86	0.00	0.00	0.00	1643	5	36	0	0	25
402.txt	97.83	98.81	96.87	0.00	0.00	0.00	5752	69	186	0	0	108
403.txt	93.64	98.31	89.39	0.00	0.00	0.00	2215	38	263	0	0	97
404.txt	88.32	98.11	80.31	0.00	0.00	0.00	4402	85	1079	0	0	105
405.txt	0.14	100.00	0.07	0.00	0.00	0.00	2	0	2919	0	0	71
406.txt	86.42	83.15	89.97	0.00	0.00	0.00	2349	476	262	0	0	41
407.txt	99.08	100.00	98.17	0.00	0.00	0.00	914	0	17	0	0	12
408.txt	95.57	100.00	91.51	0.00	0.00	0.00	992	0	92	0	0	22
409.txt	60.45	74.19	51.00	0.00	0.00	0.00	1150	400	1105	0	0	276
410.txt	86.87	97.15	78.57	0.00	0.00	0.00	953	28	260	0	0	67
411.txt	95.46	97.22	93.76	0.00	0.00	0.00	6436	184	428	0	0	162
412.txt	68.68	92.51	54.62	0.00	0.00	0.00	1124	91	934	0	0	62
413.txt	85.38	96.21	76.74	0.00	0.00	0.00	508	20	154	0	0	27
414.txt	78.72	83.23	74.67	0.00	0.00	0.00	4359	878	1479	0	0	276
415.txt	98.24	99.37	97.13	0.00	0.00	0.00	474	3	14	0	0	7
416.txt	81.18	88.22	75.18	0.00	0.00	0.00	427	57	141	0	0	37
417.txt	96.76	97.25	96.27	0.00	0.00	0.00	4103	116	159	0	0	71
418.txt	91.13	90.82	91.44	0.00	0.00	0.00	12164	1230	1138	0	0	363
419.txt	95.40	99.68	91.47	0.00	0.00	0.00	311	1	29	0	0	7
420.txt	95.90	99.86	92.24	0.00	0.00	0.00	2211	3	186	0	0	46
421.txt	99.22	99.65	98.80	0.00	0.00	0.00	574	2	7	0	0	5
422.txt	92.45	99.71	86.18	0.00	0.00	0.00	692	2	111	0	0	16
424.txt	98.67	99.96	97.42	0.00	0.00	0.00	2262	1	60	0	0	28
425.txt	96.71	99.17	94.38	0.00	0.00	0.00	13710	115	817	0	0	225
426.txt	92.78	93.54	92.03	0.00	0.00	0.00	2852	197	247	0	0	92
427.txt	98.67	99.41	97.95	0.00	0.00	0.00	335	2	7	0	0	5
428.txt	91.72	97.63	86.48	0.00	0.00	0.00	947	23	148	0	0	17
429.txt	97.84	99.09	96.61	0.00	0.00	0.00	2511	23	88	0	0	56
430.txt	35.79	99.77	21.81	0.00	0.00	0.00	439	1	1574	0	0	95
431.txt	90.20	91.85	88.61	0.00	0.00	0.00	7019	623	902	0	0	235
433.txt	84.91	87.44	82.52	0.00	0.00	0.00	557	80	118	0	0	6
434.txt	98.63	99.91	97.39	0.00	0.00	0.00	1155	1	31	0	0	13
435.txt	98.56	99.91	97.26	0.00	0.00	0.00	1064	1	30	0	0	12
436.txt	86.88	77.98	98.08	0.00	0.00	0.00	563	159	11	0	0	8
437.txt	94.66	100.00	89.87	0.00	0.00	0.00	1242	0	140	0	0	35
438.txt	98.51	99.45	97.59	0.00	0.00	0.00	729	4	18	0	0	16
439.txt	69.47	91.09	56.15	0.00	0.00	0.00	1584	155	1237	0	0	147
440.txt	59.35	97.53	42.66	0.00	0.00	0.00	395	10	531	0	0	31
441.txt	94.87	98.67	91.36	0.00	0.00	0.00	296	4	28	0	0	10
442.txt	91.48	99.80	84.45	0.00	0.00	0.00	2514	5	463	0	0	119
443.txt	89.08	98.15	81.54	0.00	0.00	0.00	5098	96	1154	0	0	140
444.txt	52.52	36.67	92.52	0.00	0.00	0.00	99	171	8	0	0	4
445.txt	86.08	99.64	75.76	0.00	0.00	0.00	9252	33	2960	0	0	559
446.txt	90.72	94.24	87.45	0.00	0.00	0.00	704	43	101	0	0	14
447.txt	97.78	97.96	97.60	0.00	0.00	0.00	6966	145	171	0	0	91
448.txt	74.10	73.89	74.32	0.00	0.00	0.00	1302	460	450	0	0	49
449.txt	95.21	95.68	94.74	0.00	0.00	0.00	1441	65	80	0	0	15
450.txt	92.64	98.84	87.17	0.00	0.00	0.00	1189	14	175	0	0	62
451.txt	97.15	98.84	95.51	0.00	0.00	0.00	766	9	36	0	0	18
452.txt	98.35	100.00	96.75	0.00	0.00	0.00	2319	0	78	0	0	47
453.txt	94.53	98.31	91.03	0.00	0.00	0.00	10173	175	1003	0	0	204
454.txt	88.00	99.01	79.19	0.00	0.00	0.00	3498	35	919	0	0	181
455.txt	98.06	97.82	98.30	0.00	0.00	0.00	3058	68	53	0	0	41
456.txt	77.23	70.48	85.40	0.00	0.00	0.00	1141	478	195	0	0	45
457.txt	92.91	89.60	96.47	0.00	0.00	0.00	2024	235	74	0	0	29
458.txt	0.21	50.00	0.11	0.00	0.00	0.00	1	1	951	0	0	64
459.txt	97.27	99.95	94.72	0.00	0.00	0.00	2064	1	115	0	0	39
460.txt	93.92	97.94	90.22	0.00	0.00	0.00	2426	51	263	0	0	113
461.txt	88.13	99.72	78.96	0.00	0.00	0.00	3205	9	854	0	0	146
462.txt	86.99	84.81	89.29	0.00	0.00	0.00	3792	679	455	0	0	103
463.txt	98.08	99.44	96.76	0.00	0.00	0.00	4121	23	138	0	0	68
464.txt	95.42	93.53	97.39	0.00	0.00	0.00	3917	271	105	0	0	53
465.txt	95.82	96.43	95.22	0.00	0.00	0.00	5516	204	277	0	0	90
466.txt	77.48	100.00	63.24	0.00	0.00	0.00	86	0	50	0	0	7
467.txt	92.90	92.65	93.16	0.00	0.00	0.00	8594	682	631	0	0	101
468.txt	65.45	74.67	58.25	0.00	0.00	0.00	914	310	655	0	0	111
469.txt	54.41	93.42	38.38	0.00	0.00	0.00	142	10	228	0	0	17
470.txt	73.52	99.43	58.32	0.00	0.00	0.00	876	5	626	0	0	136
471.txt	4.55	100.00	2.33	0.00	0.00	0.00	2	0	84	0	0	8
472.txt	98.23	99.35	97.14	0.00	0.00	0.00	3664	24	108	0	0	62
473.txt	99.47	100.00	98.94	0.00	0.00	0.00	5788	0	62	0	0	58
474.txt	94.01	98.45	89.96	0.00	0.00	0.00	1648	26	184	0	0	58
475.txt	95.83	96.30	95.37	0.00	0.00	0.00	2860	110	139	0	0	36
476.txt	94.98	96.11	93.87	0.00	0.00	0.00	3017	122	197	0	0	50
477.txt	81.17	88.75	74.79	0.00	0.00	0.00	789	100	266	0	0	48
478.txt	97.85	99.62	96.14	0.00	0.00	0.00	1321	5	53	0	0	22
479.txt	79.89	99.76	66.62	0.00	0.00	0.00	2080	5	1042	0	0	178
480.txt	93.82	95.93	91.79	0.00	0.00	0.00	1745	74	156	0	0	34
481.txt	97.65	100.00	95.41	0.00	0.00	0.00	2370	0	114	0	0	35
482.txt	95.19	94.89	95.50	0.00	0.00	0.00	1930	104	91	0	0	28
483.txt	83.74	82.59	84.92	0.00	0.00	0.00	1025	216	182	0	0	44
484.txt	96.27	97.56	95.02	0.00	0.00	0.00	801	20	42	0	0	16
485.txt	98.09	99.77	96.46	0.00	0.00	0.00	2561	6	94	0	0	60
486.txt	97.11	98.05	96.20	0.00	0.00	0.00	3618	72	143	0	0	69
487.txt	84.79	99.54	73.85	0.00	0.00	0.00	864	4	306	0	0	41
488.txt	0.33	50.00	0.17	0.00	0.00	0.00	1	1	599	0	0	146
489.txt	98.59	99.59	97.61	0.00	0.00	0.00	1715	7	42	0	0	37
490.txt	77.69	94.00	66.20	0.00	0.00	0.00	47	3	24	0	0	3
491.txt	88.75	99.34	80.20	0.00	0.00	0.00	1807	12	446	0	0	100
492.txt	97.81	98.20	97.43	0.00	0.00	0.00	872	16	23	0	0	12
493.txt	94.29	98.39	90.52	0.00	0.00	0.00	3917	64	410	0	0	99
494.txt	97.43	99.89	95.09	0.00	0.00	0.00	1822	2	94	0	0	63
495.txt	4.65	50.00	2.44	0.00	0.00	0.00	1	1	40	0	0	3
496.txt	93.20	95.68	90.85	0.00	0.00	0.00	288	13	29	0	0	6
497.txt	95.25	98.99	91.78	0.00	0.00	0.00	5015	51	449	0	0	118
498.txt	93.95	99.64	88.88	0.00	0.00	0.00	3030	11	379	0	0	106
499.txt	81.72	98.23	69.97	0.00	0.00	0.00	1109	20	476	0	0	70
500.txt	92.14	99.25	85.97	0.00	0.00	0.00	1330	10	217	0	0	46
501.txt	89.22	98.27	81.69	0.00	0.00	0.00	2896	51	649	0	0	126
502.txt	89.84	93.23	86.70	0.00	0.00	0.00	867	63	133	0	0	46
503.txt	99.54	100.00	99.09	0.00	0.00	0.00	1854	0	17	0	0	15
504.txt	88.78	98.42	80.86	0.00	0.00	0.00	748	12	177	0	0	23
505.txt	95.65	97.41	93.95	0.00	0.00	0.00	7557	201	487	0	0	191
506.txt	89.94	97.76	83.29	0.00	0.00	0.00	5183	119	1040	0	0	213
507.txt	99.09	100.00	98.19	0.00	0.00	0.00	1465	0	27	0	0	15
508.txt	71.40	99.54	55.67	0.00	0.00	0.00	216	1	172	0	0	46
509.txt	93.42	100.00	87.66	0.00	0.00	0.00	774	0	109	0	0	56
510.txt	98.45	100.00	96.95	0.00	0.00	0.00	509	0	16	0	0	10
561.txt	95.41	98.94	92.12	0.00	0.00	0.00	374	4	32	0	0	11
562.txt	65.87	97.53	49.73	0.00	0.00	0.00	633	16	640	0	0	129
563.txt	91.55	96.58	87.01	0.00	0.00	0.00	6071	215	906	0	0	201
564.txt	90.05	98.11	83.21	0.00	0.00	0.00	466	9	94	0	0	12
565.txt	95.58	100.00	91.53	0.00	0.00	0.00	1157	0	107	0	0	43
566.txt	98.66	98.96	98.36	0.00	0.00	0.00	1142	12	19	0	0	12
567.txt	67.52	92.17	53.28	0.00	0.00	0.00	553	47	485	0	0	73
568.txt	95.84	95.45	96.23	0.00	0.00	0.00	3444	164	135	0	0	82
569.txt	69.72	100.00	53.51	0.00	0.00	0.00	99	0	86	0	0	9
570.txt	74.21	97.22	60.00	0.00	0.00	0.00	1611	46	1074	0	0	137
571.txt	22.76	95.51	12.92	0.00	0.00	0.00	85	4	573	0	0	49
572.txt	67.57	99.12	51.26	0.00	0.00	0.00	448	4	426	0	0	82
573.txt	88.66	95.62	82.63	0.00	0.00	0.00	590	27	124	0	0	16
574.txt	96.60	99.35	93.99	0.00	0.00	0.00	923	6	59	0	0	22
575.txt	78.11	98.43	64.74	0.00	0.00	0.00	1190	19	648	0	0	108
576.txt	96.31	99.96	92.92	0.00	0.00	0.00	2377	1	181	0	0	84
577.txt	78.42	99.58	64.67	0.00	0.00	0.00	238	1	130	0	0	25
578.txt	85.60	100.00	74.82	0.00	0.00	0.00	309	0	104	0	0	19
579.txt	76.43	76.86	76.00	0.00	0.00	0.00	1571	473	496	0	0	98
580.txt	98.85	100.00	97.73	0.00	0.00	0.00	129	0	3	0	0	3
581.txt	0.37	100.00	0.19	0.00	0.00	0.00	2	0	1074	0	0	46
582.txt	86.67	81.45	92.59	0.00	0.00	0.00	975	222	78	0	0	22
583.txt	92.76	89.64	96.10	0.00	0.00	0.00	1108	128	45	0	0	17
584.txt	98.47	98.30	98.64	0.00	0.00	0.00	2607	45	36	0	0	28
585.txt	71.40	57.18	95.05	0.00	0.00	0.00	211	158	11	0	0	8
586.txt	21.27	96.70	11.95	0.00	0.00	0.00	205	7	1511	0	0	113
587.txt	17.27	96.15	9.49	0.00	0.00	0.00	50	2	477	0	0	46
588.txt	84.92	87.87	82.16	0.00	0.00	0.00	4196	579	911	0	0	309
589.txt	99.24	99.91	98.58	0.00	0.00	0.00	1112	1	16	0	0	14
590.txt	88.45	99.03	79.91	0.00	0.00	0.00	2661	26	669	0	0	296
591.txt	97.97	98.09	97.85	0.00	0.00	0.00	772	15	17	0	0	2
592.txt	70.14	59.07	86.30	0.00	0.00	0.00	1058	733	168	0	0	54
593.txt	97.60	100.00	95.31	0.00	0.00	0.00	1016	0	50	0	0	19
594.txt	85.50	93.37	78.85	0.00	0.00	0.00	1506	107	404	0	0	139
595.txt	79.71	99.87	66.32	0.00	0.00	0.00	772	1	392	0	0	75
596.txt	98.64	99.85	97.46	0.00	0.00	0.00	2604	4	68	0	0	50
597.txt	2.47	100.00	1.25	0.00	0.00	0.00	2	0	158	0	0	26
598.txt	86.24	90.59	82.28	0.00	0.00	0.00	915	95	197	0	0	30
599.txt	97.83	99.86	95.89	0.00	0.00	0.00	1446	2	62	0	0	58
60.txt	97.41	98.36	96.47	0.00	0.00	0.00	902	15	33	0	0	11
600.txt	97.74	98.58	96.92	0.00	0.00	0.00	692	10	22	0	0	22
601.txt	93.38	98.97	88.38	0.00	0.00	0.00	1544	16	203	0	0	42
602.txt	85.70	88.95	82.67	0.00	0.00	0.00	644	80	135	0	0	28
603.txt	86.10	95.49	78.40	0.00	0.00	0.00	127	6	35	0	0	5
604.txt	89.77	92.10	87.56	0.00	0.00	0.00	2484	213	353	0	0	53
605.txt	91.02	90.53	91.52	0.00	0.00	0.00	755	79	70	0	0	41
606.txt	2.50	100.00	1.27	0.00	0.00	0.00	2	0	156	0	0	20
607.txt	98.58	99.97	97.22	0.00	0.00	0.00	3010	1	86	0	0	49
608.txt	93.66	96.67	90.82	0.00	0.00	0.00	930	32	94	0	0	38
609.txt	90.91	89.48	92.39	0.00	0.00	0.00	910	107	75	0	0	30
61.txt	18.66	66.02	10.86	0.00	0.00	0.00	68	35	558	0	0	73
610.txt	92.58	98.53	87.31	0.00	0.00	0.00	3694	55	537	0	0	115
611.txt	94.32	99.33	89.79	0.00	0.00	0.00	2832	19	322	0	0	126
612.txt	0.26	100.00	0.13	0.00	0.00	0.00	2	0	1561	0	0	229
613.txt	97.38	96.63	98.14	0.00	0.00	0.00	1004	35	19	0	0	16
614.txt	97.43	97.36	97.50	0.00	0.00	0.00	3242	88	83	0	0	36
615.txt	55.14	48.46	63.96	0.00	0.00	0.00	236	251	133	0	0	15
616.txt	98.37	100.00	96.79	0.00	0.00	0.00	1837	0	61	0	0	37
617.txt	78.13	100.00	64.11	0.00	0.00	0.00	484	0	271	0	0	32
618.txt	0.80	100.00	0.40	0.00	0.00	0.00	2	0	495	0	0	32
619.txt	97.01	99.80	94.37	0.00	0.00	0.00	1022	2	61	0	0	20
62.txt	96.68	99.66	93.87	0.00	0.00	0.00	3815	13	249	0	0	135
620.txt	92.09	98.18	86.71	0.00	0.00	0.00	3074	57	471	0	0	96
621.txt	98.68	98.81	98.56	0.00	0.00	0.00	1161	14	17	0	0	14
622.txt	94.78	99.20	90.73	0.00	0.00	0.00	1361	11	139	0	0	36
623.txt	91.52	99.38	84.80	0.00	0.00	0.00	3554	22	637	0	0	220
624.txt	96.81	98.52	95.16	0.00	0.00	0.00	5875	88	299	0	0	126
625.txt	58.66	54.98	62.87	0.00	0.00	0.00	127	104	75	0	0	15
626.txt	99.22	99.71	98.74	0.00	0.00	0.00	26142	76	333	0	0	239
627.txt	97.79	100.00	95.67	0.00	0.00	0.00	641	0	29	0	0	20
628.txt	96.83	99.43	94.37	0.00	0.00	0.00	520	3	31	0	0	8
629.txt	92.10	98.04	86.84	0.00	0.00	0.00	9374	187	1421	0	0	173
63.txt	62.24	89.35	47.75	0.00	0.00	0.00	562	67	615	0	0	83
630.txt	97.62	97.33	97.91	0.00	0.00	0.00	3975	109	85	0	0	44
631.txt	98.16	99.49	96.86	0.00	0.00	0.00	6289	32	204	0	0	127
632.txt	93.50	99.95	87.84	0.00	0.00	0.00	1835	1	254	0	0	73
633.txt	93.46	99.95	87.76	0.00	0.00	0.00	1957	1	273	0	0	86
634.txt	94.22	99.98	89.09	0.00	0.00	0.00	4139	1	507	0	0	241
635.txt	91.26	99.94	83.96	0.00	0.00	0.00	1712	1	327	0	0	98
636.txt	94.53	99.95	89.66	0.00	0.00	0.00	2133	1	246	0	0	86
637.txt	97.23	99.64	94.94	0.00	0.00	0.00	1652	6	88	0	0	34
638.txt	82.04	99.37	69.86	0.00	0.00	0.00	628	4	271	0	0	36
639.txt	96.38	99.50	93.45	0.00	0.00	0.00	7109	36	498	0	0	180
64.txt	98.95	99.70	98.20	0.00	0.00	0.00	3009	9	55	0	0	21
640.txt	95.78	98.62	93.11	0.00	0.00	0.00	1283	18	95	0	0	46
641.txt	99.15	99.90	98.40	0.00	0.00	0.00	3135	3	51	0	0	38
642.txt	97.54	99.91	95.29	0.00	0.00	0.00	1152	1	57	0	0	22
643.txt	96.52	99.35	93.85	0.00	0.00	0.00	3372	22	221	0	0	59
644.txt	89.04	96.31	82.80	0.00	0.00	0.00	1463	56	304	0	0	62
645.txt	88.75	99.11	80.35	0.00	0.00	0.00	556	5	136	0	0	27
646.txt	97.65	99.14	96.21	0.00	0.00	0.00	3558	31	140	0	0	53
647.txt	88.77	99.88	79.88	0.00	0.00	0.00	826	1	208	0	0	50
648.txt	96.74	99.84	93.83	0.00	0.00	0.00	2509	4	165	0	0	95
649.txt	19.63	98.84	10.90	0.00	0.00	0.00	85	1	695	0	0	102
65.txt	86.26	87.73	84.84	0.00	0.00	0.00	12814	1793	2289	0	0	419
650.txt	90.72	99.87	83.10	0.00	0.00	0.00	777	1	158	0	0	29
651.txt	93.90	98.30	89.89	0.00	0.00	0.00	4221	73	475	0	0	108
652.txt	88.22	99.65	79.14	0.00	0.00	0.00	846	3	223	0	0	44
653.txt	73.21	96.60	58.94	0.00	0.00	0.00	824	29	574	0	0	81
654.txt	81.69	98.61	69.72	0.00	0.00	0.00	426	6	185	0	0	19
655.txt	57.14	86.34	42.70	0.00	0.00	0.00	354	56	475	0	0	52
656.txt	92.06	99.55	85.62	0.00	0.00	0.00	887	4	149	0	0	45
657.txt	47.09	86.07	32.41	0.00	0.00	0.00	105	17	219	0	0	36
658.txt	98.01	99.72	96.36	0.00	0.00	0.00	3179	9	120	0	0	97
659.txt	97.28	97.77	96.78	0.00	0.00	0.00	2197	50	73	0	0	22
66.txt	97.15	98.04	96.28	0.00	0.00	0.00	1552	31	60	0	0	18
660.txt	83.51	85.16	81.92	0.00	0.00	0.00	2801	488	618	0	0	118
661.txt	92.12	95.57	88.91	0.00	0.00	0.00	561	26	70	0	0	15
662.txt	99.06	99.68	98.44	0.00	0.00	0.00	6240	20	99	0	0	74
663.txt	86.61	99.96	76.41	0.00	0.00	0.00	2313	1	714	0	0	146
664.txt	96.50	98.20	94.87	0.00	0.00	0.00	1035	19	56	0	0	32
665.txt	52.51	85.00	37.99	0.00	0.00	0.00	204	36	333	0	0	78
666.txt	68.01	80.60	58.82	0.00	0.00	0.00	270	65	189	0	0	22
667.txt	94.19	98.63	90.13	0.00	0.00	0.00	3380	47	370	0	0	117
668.txt	7.14	100.00	3.70	0.00	0.00	0.00	2	0	52	0	0	7
669.txt	67.43	52.84	93.16	0.00	0.00	0.00	736	657	54	0	0	26
67.txt	56.69	80.95	43.62	0.00	0.00	0.00	646	152	835	0	0	96
670.txt	40.63	98.45	25.59	0.00	0.00	0.00	764	12	2221	0	0	74
671.txt	99.48	99.92	99.05	0.00	0.00	0.00	1246	1	12	0	0	12
672.txt	91.10	94.85	87.63	0.00	0.00	0.00	4185	227	591	0	0	168
673.txt	97.39	98.91	95.92	0.00	0.00	0.00	1175	13	50	0	0	19
674.txt	96.59	96.39	96.79	0.00	0.00	0.00	5632	211	187	0	0	91
675.txt	93.27	92.48	94.08	0.00	0.00	0.00	1684	137	106	0	0	71
676.txt	95.50	96.60	94.42	0.00	0.00	0.00	711	25	42	0	0	26
677.txt	97.56	98.21	96.91	0.00	0.00	0.00	1758	32	56	0	0	35
678.txt	93.47	98.72	88.76	0.00	0.00	0.00	308	4	39	0	0	16
679.txt	95.03	98.99	91.38	0.00	0.00	0.00	9302	95	877	0	0	253
68.txt	24.84	88.61	14.44	0.00	0.00	0.00	210	27	1244	0	0	26
680.txt	90.12	96.33	84.66	0.00	0.00	0.00	1076	41	195	0	0	28
681.txt	95.09	99.30	91.22	0.00	0.00	0.00	2255	16	217	0	0	101
682.txt	96.17	98.54	93.91	0.00	0.00	0.00	1418	21	92	0	0	36
683.txt	98.04	99.36	96.76	0.00	0.00	0.00	3254	21	109	0	0	102
684.txt	98.92	99.13	98.72	0.00	0.00	0.00	5328	47	69	0	0	64
685.txt	97.70	98.87	96.55	0.00	0.00	0.00	1401	16	50	0	0	28
686.txt	84.56	99.98	73.26	0.00	0.00	0.00	4518	1	1649	0	0	151
687.txt	96.48	98.64	94.42	0.00	0.00	0.00	1809	25	107	0	0	19
688.txt	97.02	97.12	96.91	0.00	0.00	0.00	4425	131	141	0	0	82
689.txt	95.23	99.78	91.08	0.00	0.00	0.00	888	2	87	0	0	29
69.txt	96.50	99.37	93.79	0.00	0.00	0.00	1254	8	83	0	0	31
690.txt	100.00	100.00	100.00	0.00	0.00	0.00	2	0	0	0	0	0
691.txt	54.05	98.35	37.26	0.00	0.00	0.00	1372	23	2310	0	0	161
692.txt	93.52	91.55	95.59	0.00	0.00	0.00	758	70	35	0	0	19
693.txt	79.76	68.60	95.26	0.00	0.00	0.00	201	92	10	0	0	6
694.txt	94.51	96.44	92.65	0.00	0.00	0.00	542	20	43	0	0	18
695.txt	95.65	94.65	96.67	0.00	0.00	0.00	725	41	25	0	0	24
696.txt	97.48	99.42	95.61	0.00	0.00	0.00	2568	15	118	0	0	72
697.txt	100.00	100.00	100.00	0.00	0.00	0.00	2	0	0	0	0	0
698.txt	98.21	100.00	96.48	0.00	0.00	0.00	329	0	12	0	0	10
699.txt	94.81	98.10	91.74	0.00	0.00	0.00	2577	50	232	0	0	60
70.txt	98.49	99.68	97.32	0.00	0.00	0.00	2181	7	60	0	0	46
700.txt	94.13	99.04	89.68	0.00	0.00	0.00	617	6	71	0	0	20
701.txt	97.00	99.28	94.82	0.00	0.00	0.00	1648	12	90	0	0	26
702.txt	95.36	100.00	91.13	0.00	0.00	0.00	3730	0	363	0	0	159
703.txt	96.54	96.74	96.33	0.00	0.00	0.00	2285	77	87	0	0	26
704.txt	95.65	95.48	95.83	0.00	0.00	0.00	1056	50	46	0	0	21
705.txt	93.82	95.73	91.98	0.00	0.00	0.00	2937	131	256	0	0	68
706.txt	87.88	100.00	78.39	0.00	0.00	0.00	243	0	67	0	0	12
707.txt	0.94	0.47	100.00	0.00	0.00	0.00	2	421	0	0	0	0
708.txt	90.01	99.03	82.50	0.00	0.00	0.00	1433	14	304	0	0	136
709.txt	96.07	98.98	93.33	0.00	0.00	0.00	2532	26	181	0	0	124
71.txt	95.94	99.43	92.69	0.00	0.00	0.00	3310	19	261	0	0	85
710.txt	96.92	100.00	94.02	0.00	0.00	0.00	1211	0	77	0	0	41
711.txt	97.38	99.06	95.75	0.00	0.00	0.00	946	9	42	0	0	17
712.txt	93.40	97.56	89.57	0.00	0.00	0.00	601	15	70	0	0	26
713.txt	98.83	99.64	98.02	0.00	0.00	0.00	2230	8	45	0	0	24
714.txt	25.66	79.71	15.29	0.00	0.00	0.00	165	42	914	0	0	91
715.txt	57.46	95.74	41.05	0.00	0.00	0.00	3011	134	4324	0	0	931
716.txt	94.99	97.34	92.74	0.00	0.00	0.00	4509	123	353	0	0	173
717.txt	32.01	40.89	26.30	0.00	0.00	0.00	101	146	283	0	0	41
718.txt	63.68	89.92	49.29	0.00	0.00	0.00	1606	180	1652	0	0	362
719.txt	94.25	96.66	91.95	0.00	0.00	0.00	1360	47	119	0	0	51
72.txt	94.74	99.87	90.11	0.00	0.00	0.00	1485	2	163	0	0	45
720.txt	86.29	90.06	82.82	0.00	0.00	0.00	453	50	94	0	0	20
721.txt	92.24	96.97	87.94	0.00	0.00	0.00	1087	34	149	0	0	31
722.txt	98.98	100.00	97.97	0.00	0.00	0.00	2029	0	42	0	0	28
723.txt	98.60	99.94	97.29	0.00	0.00	0.00	3411	2	95	0	0	67
724.txt	6.56	100.00	3.39	0.00	0.00	0.00	2	0	57	0	0	2
725.txt	86.37	97.08	77.78	0.00	0.00	0.00	1831	55	523	0	0	68
726.txt	97.81	98.60	97.04	0.00	0.00	0.00	2750	39	84	0	0	41
727.txt	83.93	95.92	74.60	0.00	0.00	0.00	47	2	16	0	0	4
728.txt	95.45	97.04	93.92	0.00	0.00	0.00	3444	105	223	0	0	105
729.txt	80.36	70.92	92.71	0.00	0.00	0.00	178	73	14	0	0	7
73.txt	33.76	85.98	21.00	0.00	0.00	0.00	92	15	346	0	0	21
730.txt	95.64	99.65	91.94	0.00	0.00	0.00	1140	4	100	0	0	24
731.txt	96.68	98.68	94.77	0.00	0.00	0.00	4258	57	235	0	0	93
732.txt	81.00	88.24	74.85	0.00	0.00	0.00	893	119	300	0	0	46
733.txt	96.16	99.77	92.80	0.00	0.00	0.00	864	2	67	0	0	22
734.txt	87.62	84.78	90.65	0.00	0.00	0.00	2278	409	235	0	0	17
735.txt	98.64	100.00	97.33	0.00	0.00	0.00	473	0	13	0	0	9
736.txt	92.20	96.48	88.28	0.00	0.00	0.00	1590	58	211	0	0	65
737.txt	85.77	97.75	76.41	0.00	0.00	0.00	1305	30	403	0	0	53
738.txt	96.36	99.40	93.50	0.00	0.00	0.00	9916	60	689	0	0	261
739.txt	93.60	99.42	88.41	0.00	0.00	0.00	4487	26	588	0	0	140
74.txt	0.12	50.00	0.06	0.00	0.00	0.00	1	1	1639	0	0	304
740.txt	94.41	97.62	91.41	0.00	0.00	0.00	819	20	77	0	0	22
741.txt	99.29	100.00	98.59	0.00	0.00	0.00	981	0	14	0	0	10
742.txt	98.24	99.92	96.61	0.00	0.00	0.00	5301	4	186	0	0	122
743.txt	97.54	99.51	95.64	0.00	0.00	0.00	1624	8	74	0	0	64
744.txt	96.01	95.44	96.58	0.00	0.00	0.00	2428	116	86	0	0	54
745.txt	85.69	83.99	87.45	0.00	0.00	0.00	446	85	64	0	0	14
746.txt	93.31	98.16	88.92	0.00	0.00	0.00	4214	79	525	0	0	81
747.txt	97.96	99.90	96.10	0.00	0.00	0.00	962	1	39	0	0	28
748.txt	92.97	94.95	91.07	0.00	0.00	0.00	2049	109	201	0	0	35
749.txt	98.83	98.83	98.83	0.00	0.00	0.00	9559	113	113	0	0	72
75.txt	96.67	99.71	93.82	0.00	0.00	0.00	10969	32	723	0	0	456
750.txt	4.82	100.00	2.47	0.00	0.00	0.00	2	0	79	0	0	6
752.txt	99.20	99.96	98.44	0.00	0.00	0.00	2720	1	43	0	0	31
754.txt	94.89	95.25	94.52	0.00	0.00	0.00	863	43	50	0	0	11
755.txt	91.92	97.43	87.01	0.00	0.00	0.00	7393	195	1104	0	0	327
756.txt	96.06	99.68	92.70	0.00	0.00	0.00	1854	6	146	0	0	45
757.txt	0.48	50.00	0.24	0.00	0.00	0.00	1	1	410	0	0	32
758.txt	30.75	93.38	18.41	0.00	0.00	0.00	127	9	563	0	0	51
759.txt	95.17	99.20	91.47	0.00	0.00	0.00	493	4	46	0	0	11
76.txt	94.99	97.33	92.76	0.00	0.00	0.00	10708	294	836	0	0	299
760.txt	95.40	99.83	91.35	0.00	0.00	0.00	602	1	57	0	0	11
761.txt	70.48	92.11	57.08	0.00	0.00	0.00	1016	87	764	0	0	101
762.txt	94.81	99.20	90.80	0.00	0.00	0.00	3108	25	315	0	0	98
763.txt	93.39	94.33	92.47	0.00	0.00	0.00	3179	191	259	0	0	86
764.txt	94.43	96.49	92.45	0.00	0.00	0.00	3659	133	299	0	0	123
765.txt	70.31	99.12	54.48	0.00	0.00	0.00	1132	10	946	0	0	99
766.txt	85.28	88.46	82.32	0.00	0.00	0.00	391	51	84	0	0	20
767.txt	86.86	100.00	76.77	0.00	0.00	0.00	304	0	92	0	0	22
768.txt	89.86	86.93	93.01	0.00	0.00	0.00	891	134	67	0	0	23
77.txt	87.86	95.93	81.04	0.00	0.00	0.00	872	37	204	0	0	38
770.txt	92.96	99.79	87.00	0.00	0.00	0.00	1907	4	285	0	0	46
771.txt	97.93	99.62	96.30	0.00	0.00	0.00	2342	9	90	0	0	41
772.txt	90.77	97.31	85.05	0.00	0.00	0.00	1229	34	216	0	0	75
773.txt	96.37	100.00	92.99	0.00	0.00	0.00	716	0	54	0	0	14
774.txt	97.47	100.00	95.07	0.00	0.00	0.00	2776	0	144	0	0	70
775.txt	44.53	94.33	29.14	0.00	0.00	0.00	183	11	445	0	0	33
776.txt	93.30	90.83	95.90	0.00	0.00	0.00	842	85	36	0	0	16
777.txt	96.36	98.83	94.01	0.00	0.00	0.00	1098	13	70	0	0	19
778.txt	97.59	98.77	96.43	0.00	0.00	0.00	2567	32	95	0	0	60
779.txt	96.49	99.66	93.52	0.00	0.00	0.00	2628	9	182	0	0	72
78.txt	93.64	96.99	90.51	0.00	0.00	0.00	1192	37	125	0	0	51
780.txt	97.39	99.72	95.18	0.00	0.00	0.00	1757	5	89	0	0	48
781.txt	44.08	95.71	28.63	0.00	0.00	0.00	268	12	668	0	0	58
782.txt	98.82	99.76	97.88	0.00	0.00	0.00	2545	6	55	0	0	45
783.txt	95.07	98.23	92.11	0.00	0.00	0.00	6325	114	542	0	0	143
784.txt	97.70	100.00	95.50	0.00	0.00	0.00	1763	0	83	0	0	42
785.txt	97.17	99.84	94.64	0.00	0.00	0.00	1908	3	108	0	0	62
786.txt	94.67	99.31	90.45	0.00	0.00	0.00	862	6	91	0	0	20
787.txt	26.90	100.00	15.54	0.00	0.00	0.00	106	0	576	0	0	26
788.txt	95.46	99.83	91.45	0.00	0.00	0.00	1209	2	113	0	0	41
789.txt	94.94	100.00	90.37	0.00	0.00	0.00	807	0	86	0	0	25
79.txt	84.09	76.29	93.67	0.00	0.00	0.00	74	23	5	0	0	2
790.txt	97.49	99.81	95.28	0.00	0.00	0.00	1574	3	78	0	0	45
791.txt	93.77	94.35	93.18	0.00	0.00	0.00	752	45	55	0	0	23
792.txt	96.31	99.08	93.69	0.00	0.00	0.00	1618	15	109	0	0	67
793.txt	97.85	100.00	95.79	0.00	0.00	0.00	3206	0	141	0	0	25
794.txt	98.08	99.88	96.33	0.00	0.00	0.00	1682	2	64	0	0	41
795.txt	100.00	100.00	100.00	0.00	0.00	0.00	2	0	0	0	0	0
796.txt	75.22	98.06	61.01	0.00	0.00	0.00	1064	21	680	0	0	65
797.txt	96.21	98.83	93.73	0.00	0.00	0.00	673	8	45	0	0	19
798.txt	97.61	97.14	98.08	0.00	0.00	0.00	1633	48	32	0	0	32
799.txt	96.18	99.37	93.18	0.00	0.00	0.00	2377	15	174	0	0	66
80.txt	77.35	82.46	72.83	0.00	0.00	0.00	7420	1578	2768	0	0	166
81.txt	93.82	92.60	95.07	0.00	0.00	0.00	1138	91	59	0	0	18
82.txt	18.18	100.00	10.00	0.00	0.00	0.00	2	0	18	0	0	4
83.txt	92.01	97.98	86.73	0.00	0.00	0.00	11068	228	1694	0	0	297
84.txt	93.78	98.58	89.43	0.00	0.00	0.00	2361	34	279	0	0	39
85.txt	73.31	94.76	59.77	0.00	0.00	0.00	887	49	597	0	0	107
86.txt	90.10	88.01	92.30	0.00	0.00	0.00	1343	183	112	0	0	20
87.txt	98.98	99.44	98.52	0.00	0.00	0.00	1068	6	16	0	0	16
88.txt	94.79	97.30	92.40	0.00	0.00	0.00	4038	112	332	0	0	161
89.txt	93.43	96.89	90.20	0.00	0.00	0.00	1123	36	122	0	0	33
90.txt	93.56	95.28	91.91	0.00	0.00	0.00	1919	95	169	0	0	51
91.txt	88.03	96.61	80.84	0.00	0.00	0.00	4136	145	980	0	0	171
92.txt	87.76	98.35	79.23	0.00	0.00	0.00	656	11	172	0	0	31
93.txt	99.48	100.00	98.96	0.00	0.00	0.00	664	0	7	0	0	7
94.txt	99.68	99.87	99.49	0.00	0.00	0.00	1575	2	8	0	0	7
95.txt	99.23	99.86	98.62	0.00	0.00	0.00	2068	3	29	0	0	21
96.txt	87.11	99.01	77.76	0.00	0.00	0.00	402	4	115	0	0	16
97.txt	97.34	96.18	98.52	0.00	0.00	0.00	1134	45	17	0	0	16
98.txt	98.05	98.53	97.56	0.00	0.00	0.00	4639	69	116	0	0	75
99.txt	83.83	79.82	88.25	0.00	0.00	0.00	1547	391	206	0	0	44
