file	F	P	R	F.tag	P.tag	R.tag	TP	FP	FN	TP.tag	FP.tag	FN.tag
103.txt	91.49	96.98	86.60	64.52	98.90	47.87	4233	132	655	90	1	98
104.txt	92.67	98.17	87.75	69.80	65.00	75.36	4823	90	673	156	84	51
105.txt	71.86	94.87	57.84	52.04	83.94	37.70	3365	182	2453	115	22	190
106.txt	99.50	99.40	99.60	93.75	88.24	100.00	494	3	2	15	2	0
107.txt	96.13	99.10	93.33	75.47	97.56	61.54	2086	19	149	40	1	25
108.txt	88.21	86.21	90.30	95.35	98.80	92.13	2701	432	290	82	1	7
109.txt	96.41	97.37	95.46	91.23	89.66	92.86	1556	42	74	26	3	2
110.txt	97.51	97.41	97.61	22.64	60.00	13.95	2782	74	68	6	4	37
111.txt	77.86	100.00	63.74	72.16	100.00	56.45	1394	0	793	35	0	27
112.txt	4.88	100.00	2.50	0.00	0.00	0.00	1	0	39	0	0	5
113.txt	90.83	99.25	83.72	74.91	100.00	59.89	8204	62	1595	209	0	140
114.txt	46.75	97.84	30.71	6.98	100.00	3.61	453	10	1022	6	0	160
115.txt	98.42	99.52	97.34	84.85	93.33	77.78	622	3	17	14	1	4
116.txt	95.42	98.78	92.28	68.93	100.00	52.59	3155	39	264	61	0	55
117.txt	99.02	99.87	98.18	87.64	100.00	78.00	3983	5	74	39	0	11
118.txt	98.14	100.00	96.34	95.52	100.00	91.43	685	0	26	32	0	3
119.txt	95.36	98.79	92.17	69.96	100.00	53.80	4475	55	380	99	0	85
120.txt	98.91	99.96	97.88	96.58	100.00	93.39	2360	1	51	113	0	8
121.txt	98.38	100.00	96.80	95.00	100.00	90.48	848	0	28	38	0	4
122.txt	97.67	100.00	95.45	94.74	100.00	90.00	357	0	17	18	0	2
123.txt	88.48	89.55	87.44	69.77	75.00	65.22	557	65	80	15	5	8
124.txt	92.41	93.77	91.08	80.00	88.24	73.17	1235	82	121	30	4	11
125.txt	85.28	82.05	88.77	48.15	68.42	37.14	1344	294	170	13	6	22
126.txt	95.81	100.00	91.95	73.97	100.00	58.70	2160	0	189	27	0	19
127.txt	94.60	99.59	90.08	76.73	100.00	62.24	5323	22	586	122	0	74
128.txt	88.32	97.61	80.64	62.50	100.00	45.45	3228	79	775	50	0	60
129.txt	98.96	99.71	98.22	92.09	96.97	87.67	2036	6	37	64	2	9
130.txt	97.74	100.00	95.58	86.49	100.00	76.19	735	0	34	16	0	5
131.txt	97.67	97.89	97.45	92.49	89.89	95.24	2411	52	63	80	9	4
132.txt	94.55	100.00	89.67	90.65	100.00	82.89	1753	0	202	63	0	13
133.txt	96.21	99.49	93.13	71.20	100.00	55.28	7732	40	570	110	0	89
134.txt	0.44	100.00	0.22	0.00	0.00	0.00	1	0	448	0	0	115
135.txt	91.06	96.28	86.37	86.49	94.12	80.00	1863	72	294	64	4	16
136.txt	96.37	99.10	93.78	81.62	99.24	69.31	7914	72	525	131	1	58
137.txt	93.56	99.47	88.32	63.49	100.00	46.51	1867	10	247	40	0	46
138.txt	95.82	100.00	91.98	81.48	100.00	68.75	768	0	67	11	0	5
139.txt	85.69	84.61	86.80	43.75	100.00	28.00	1138	207	173	7	0	18
140.txt	95.66	98.06	93.39	37.04	100.00	22.73	1412	28	100	5	0	17
141.txt	99.53	100.00	99.07	96.55	100.00	93.33	2349	0	22	28	0	2
142.txt	88.88	86.10	91.85	98.04	100.00	96.15	2502	404	222	50	0	2
143.txt	85.55	80.88	90.79	69.29	100.00	53.01	2898	685	294	44	0	39
144.txt	89.44	90.02	88.86	69.72	95.00	55.07	2743	304	344	38	2	31
145.txt	95.90	99.51	92.55	67.42	100.00	50.85	1428	7	115	30	0	29
146.txt	100.00	100.00	100.00	100.00	100.00	100.00	1725	0	0	46	0	0
147.txt	99.57	99.90	99.24	97.25	98.15	96.36	2876	3	22	53	1	2
148.txt	88.25	90.34	86.25	73.76	93.27	61.01	6388	683	1018	97	7	62
149.txt	85.42	99.64	74.76	66.67	100.00	50.00	548	2	185	12	0	12
150.txt	1.81	0.96	16.67	12.50	7.69	33.33	7	725	35	1	12	2
151.txt	96.72	99.91	93.73	88.68	99.48	80.00	7420	7	496	192	1	48
152.txt	89.27	100.00	80.62	64.79	100.00	47.92	1256	0	302	23	0	25
153.txt	83.13	82.32	83.96	88.89	100.00	80.00	3026	650	578	40	0	10
154.txt	94.80	99.94	90.17	83.39	100.00	71.51	7698	5	839	123	0	49
155.txt	93.96	99.60	88.93	90.41	100.00	82.50	1245	5	155	66	0	14
156.txt	44.26	31.03	77.14	22.22	16.67	33.33	27	60	8	1	5	2
157.txt	89.72	97.96	82.76	66.67	100.00	50.00	48	1	10	1	0	1
158.txt	84.14	97.30	74.11	54.29	100.00	37.25	793	22	277	19	0	32
159.txt	89.90	85.53	94.75	77.55	70.37	86.36	1082	183	60	19	8	3
160.txt	88.97	93.06	85.22	64.00	85.71	51.06	992	74	172	24	4	23
161.txt	98.60	100.00	97.24	92.31	100.00	85.71	775	0	22	24	0	4
162.txt	97.53	97.80	97.27	96.47	100.00	93.18	2352	53	66	82	0	6
163.txt	91.27	92.64	89.94	59.06	78.57	47.31	4596	365	514	44	12	49
164.txt	4.76	100.00	2.44	0.00	0.00	0.00	1	0	40	0	0	3
165.txt	98.39	98.62	98.16	77.01	95.71	64.42	4418	62	83	67	3	37
166.txt	98.78	99.91	97.67	92.31	96.77	88.24	1090	1	26	30	1	4
167.txt	85.53	99.70	74.89	46.81	84.62	32.35	662	2	222	11	2	23
168.txt	99.22	99.14	99.31	100.00	100.00	100.00	576	5	4	13	0	0
169.txt	99.36	99.53	99.19	80.20	98.75	67.52	10075	48	82	79	1	38
170.txt	99.77	99.91	99.63	97.56	100.00	95.24	3231	3	12	40	0	2
171.txt	98.86	99.13	98.59	96.77	100.00	93.75	912	8	13	15	0	1
172.txt	98.86	99.81	97.93	92.86	96.30	89.66	1039	2	22	26	1	3
173.txt	87.29	79.71	96.46	71.43	71.43	71.43	381	97	14	5	2	2
174.txt	88.58	87.95	89.23	93.72	96.04	91.51	2933	402	354	97	4	9
175.txt	72.41	60.29	90.65	57.14	50.00	66.67	126	83	13	2	2	1
176.txt	92.17	87.30	97.61	68.22	57.14	84.62	1671	243	41	44	33	8
177.txt	99.89	100.00	99.78	96.00	100.00	92.31	3658	0	8	48	0	4
178.txt	52.51	67.63	42.92	11.94	80.00	6.45	188	90	250	4	1	58
179.txt	98.62	99.97	97.31	91.94	100.00	85.07	2965	1	82	57	0	10
180.txt	0.18	100.00	0.09	0.00	0.00	0.00	1	0	1134	0	0	244
181.txt	96.27	96.12	96.43	93.65	96.72	90.77	2726	110	101	59	2	6
182.txt	81.05	96.16	70.04	70.51	98.21	55.00	1003	40	429	110	2	90
183.txt	80.61	100.00	67.52	61.54	100.00	44.44	609	0	293	16	0	20
184.txt	99.11	99.89	98.34	73.02	95.83	58.97	4441	5	75	23	1	16
185.txt	95.05	95.86	94.25	93.83	92.68	95.00	1574	68	96	38	3	2
186.txt	94.74	97.26	92.35	84.14	79.22	89.71	1280	36	106	61	16	7
187.txt	81.64	80.30	83.02	87.50	90.32	84.85	1956	480	400	56	6	10
188.txt	96.70	96.97	96.44	88.37	97.44	80.85	2652	83	98	38	1	9
189.txt	80.12	98.93	67.33	38.10	93.33	23.93	1294	14	628	28	2	89
190.txt	86.36	85.18	87.58	68.09	94.12	53.33	839	146	119	16	1	14
191.txt	95.96	100.00	92.23	64.96	100.00	48.10	4632	0	390	76	0	82
192.txt	72.36	100.00	56.69	38.10	100.00	23.53	250	0	191	8	0	26
193.txt	86.22	82.77	89.97	97.90	100.00	95.89	4178	870	466	70	0	3
194.txt	96.86	99.77	94.11	93.71	98.53	89.33	3515	8	220	67	1	8
195.txt	83.72	100.00	72.00	35.29	100.00	21.43	90	0	35	3	0	11
196.txt	90.77	94.67	87.18	53.66	97.06	37.08	1918	108	282	33	1	56
197.txt	82.30	81.39	83.22	73.06	76.19	70.18	2187	500	441	80	25	34
198.txt	49.31	92.54	33.61	22.36	100.00	12.59	1563	126	3087	35	0	243
199.txt	98.35	99.86	96.89	94.55	100.00	89.66	1402	2	45	26	0	3
200.txt	90.05	92.71	87.54	91.43	100.00	84.21	738	58	105	32	0	6
201.txt	92.07	97.70	87.05	76.00	90.48	65.52	1149	27	171	19	2	10
202.txt	87.40	87.01	87.80	79.49	96.88	67.39	1554	232	216	31	1	15
203.txt	25.18	97.26	14.46	9.52	100.00	5.00	142	4	840	2	0	38
204.txt	93.86	96.12	91.70	51.16	100.00	34.38	1314	53	119	11	0	21
205.txt	83.36	93.10	75.46	67.84	100.00	51.33	2672	198	869	77	0	73
206.txt	70.57	100.00	54.52	37.50	100.00	23.08	368	0	307	9	0	30
207.txt	95.52	97.26	93.84	77.42	78.26	76.60	1630	46	107	36	10	11
208.txt	99.48	100.00	98.96	90.48	100.00	82.61	2102	0	22	19	0	4
209.txt	97.16	99.76	94.70	84.00	100.00	72.41	2465	6	138	21	0	8
210.txt	99.70	99.97	99.44	90.91	100.00	83.33	2999	1	17	30	0	6
211.txt	54.92	100.00	37.86	14.95	100.00	8.08	435	0	714	8	0	91
212.txt	0.51	100.00	0.26	0.00	0.00	0.00	1	0	391	0	0	51
213.txt	98.05	99.54	96.61	91.03	91.95	90.13	6011	28	211	137	12	15
214.txt	96.64	99.78	93.69	89.80	100.00	81.48	891	2	60	22	0	5
215.txt	54.73	99.50	37.75	15.84	100.00	8.60	402	2	663	8	0	85
216.txt	98.16	100.00	96.38	26.23	100.00	15.09	2421	0	91	8	0	45
217.txt	95.82	99.10	92.75	76.19	98.25	62.22	5156	47	403	56	1	34
218.txt	92.94	94.28	91.63	74.67	77.78	71.79	1171	71	107	28	8	11
219.txt	78.59	100.00	64.73	41.81	100.00	26.43	1918	0	1045	37	0	103
220.txt	94.61	99.84	89.90	76.47	100.00	61.90	641	1	72	13	0	8
221.txt	95.96	99.93	92.29	68.71	98.25	52.83	4204	3	351	56	1	50
222.txt	98.21	99.78	96.68	83.45	96.67	73.42	3641	8	125	58	2	21
223.txt	79.94	99.28	66.91	62.86	100.00	45.83	277	2	137	11	0	13
224.txt	0.12	100.00	0.06	0.00	0.00	0.00	1	0	1654	0	0	238
225.txt	95.51	95.96	95.07	52.05	51.35	52.78	1022	43	53	19	18	17
226.txt	31.29	98.27	18.61	2.50	66.67	1.27	227	4	993	2	1	155
227.txt	96.28	99.92	92.91	79.41	100.00	65.85	1179	1	90	27	0	14
228.txt	89.35	99.61	81.00	54.17	100.00	37.14	1019	4	239	13	0	22
229.txt	83.75	97.12	73.62	43.31	94.44	28.10	1652	49	592	34	2	87
230.txt	95.96	98.41	93.63	79.31	95.83	67.65	926	15	63	23	1	11
231.txt	62.26	99.82	45.24	31.29	100.00	18.55	1136	2	1375	23	0	101
232.txt	97.44	99.91	95.08	94.16	100.00	88.97	4293	4	222	121	0	15
233.txt	97.27	99.94	94.74	75.47	100.00	60.61	1585	1	88	20	0	13
234.txt	75.48	98.68	61.11	31.58	100.00	18.75	2775	37	1766	24	0	104
235.txt	72.83	99.47	57.45	13.61	100.00	7.30	744	4	551	13	0	165
236.txt	86.68	99.88	76.56	67.80	100.00	51.28	833	1	255	20	0	19
237.txt	95.86	99.03	92.90	90.68	99.30	83.43	5900	58	451	141	1	28
238.txt	91.83	99.23	85.46	70.31	100.00	54.22	4508	35	767	45	0	38
239.txt	99.24	99.94	98.56	90.70	100.00	82.98	1706	1	25	39	0	8
240.txt	96.86	99.59	94.28	86.52	98.72	77.00	5386	22	327	77	1	23
241.txt	97.90	99.98	95.91	95.29	100.00	91.00	4152	1	177	91	0	9
242.txt	16.25	93.55	8.90	3.92	100.00	2.00	87	6	891	2	0	98
243.txt	94.28	99.21	89.81	72.00	100.00	56.25	379	3	43	9	0	7
244.txt	97.41	100.00	94.95	82.35	100.00	70.00	2632	0	140	56	0	24
245.txt	88.73	99.51	80.05	56.41	84.62	42.31	606	3	151	11	2	15
246.txt	39.86	98.21	25.00	13.33	100.00	7.14	55	1	165	1	0	13
247.txt	97.17	99.71	94.75	80.37	100.00	67.19	2418	7	134	43	0	21
249.txt	94.41	99.93	89.47	74.23	100.00	59.02	1411	1	166	36	0	25
250.txt	26.90	99.83	15.55	8.77	97.06	4.59	2408	4	13082	66	2	1371
251.txt	99.88	99.92	99.84	97.72	97.27	98.17	5015	4	8	107	3	2
252.txt	97.28	99.33	95.31	86.08	90.27	82.27	8584	58	422	167	18	36
253.txt	96.46	99.43	93.66	72.73	92.31	60.00	694	4	47	12	1	8
254.txt	97.02	99.79	94.39	81.97	96.15	71.43	943	2	56	25	1	10
255.txt	77.66	99.36	63.74	33.85	100.00	20.37	624	4	355	11	0	43
256.txt	97.61	99.41	95.87	84.31	100.00	72.88	2532	15	109	43	0	16
257.txt	98.29	99.92	96.72	83.33	100.00	71.43	1297	1	44	10	0	4
258.txt	96.27	99.93	92.87	80.00	100.00	66.67	2761	2	212	60	0	30
259.txt	97.90	99.96	95.92	78.12	96.15	65.79	2495	1	106	25	1	13
260.txt	54.21	100.00	37.18	27.27	100.00	15.79	364	0	615	18	0	96
261.txt	86.30	98.97	76.52	49.28	100.00	32.69	2297	24	705	17	0	35
262.txt	62.72	100.00	45.69	50.00	100.00	33.33	53	0	63	2	0	4
263.txt	98.92	99.89	97.98	92.68	100.00	86.36	873	1	18	19	0	3
264.txt	93.60	99.29	88.52	45.16	100.00	29.17	563	4	73	7	0	17
265.txt	86.24	77.58	97.08	50.34	35.24	88.10	865	250	26	37	68	5
266.txt	79.51	97.02	67.36	45.90	93.33	30.43	456	14	221	14	1	32
267.txt	97.95	99.34	96.60	63.74	100.00	46.77	8081	54	284	58	0	66
268.txt	97.24	98.70	95.82	67.23	100.00	50.64	14476	190	631	198	0	193
269.txt	98.02	98.81	97.23	92.31	92.31	92.31	914	11	26	12	1	1
270.txt	6.67	100.00	3.45	0.00	0.00	0.00	1	0	28	0	0	2
271.txt	97.80	98.39	97.22	66.67	100.00	50.00	245	4	7	5	0	5
272.txt	68.62	99.92	52.25	55.62	100.00	38.52	1302	1	1190	47	0	75
273.txt	95.02	91.64	98.65	48.04	32.67	90.74	4903	447	67	98	202	10
274.txt	99.80	99.60	100.00	98.04	96.15	100.00	988	4	0	25	1	0
275.txt	99.11	100.00	98.23	96.00	100.00	92.31	1335	0	24	24	0	2
276.txt	61.64	53.80	72.16	20.29	16.28	26.92	425	365	164	7	36	19
277.txt	99.46	99.61	99.31	98.11	100.00	96.30	2309	9	16	26	0	1
278.txt	66.67	100.00	50.00	0.00	0.00	0.00	1	0	1	0	0	0
279.txt	96.57	97.98	95.21	87.50	89.74	85.37	1550	32	78	35	4	6
280.txt	99.28	99.90	98.67	94.18	100.00	89.00	5718	6	77	89	0	11
281.txt	97.30	98.96	95.70	79.63	95.56	68.25	2957	31	133	43	2	20
282.txt	97.37	96.83	97.91	91.30	100.00	84.00	3142	103	67	42	0	8
283.txt	99.29	99.53	99.06	96.77	100.00	93.75	631	3	6	15	0	1
284.txt	99.35	98.70	100.00	92.31	85.71	100.00	457	6	0	6	1	0
285.txt	99.05	98.94	99.17	94.44	94.44	94.44	838	9	7	17	1	1
286.txt	90.76	84.07	98.61	81.48	95.65	70.97	1773	336	25	22	1	9
287.txt	89.98	81.78	100.00	81.82	69.23	100.00	817	182	0	27	12	0
288.txt	98.56	98.46	98.66	96.34	97.13	95.56	8849	138	120	237	7	11
289.txt	99.80	99.73	99.86	98.82	100.00	97.67	4892	13	7	42	0	1
290.txt	99.30	98.73	99.87	90.91	90.91	90.91	780	10	1	10	1	1
291.txt	99.20	98.94	99.47	98.90	97.83	100.00	1307	14	7	45	1	0
292.txt	92.94	98.09	88.30	51.28	83.33	37.04	566	11	75	10	2	17
293.txt	77.19	63.06	99.48	64.86	48.98	96.00	770	451	4	24	25	1
294.txt	99.29	100.00	98.59	97.44	100.00	95.00	700	0	10	19	0	1
295.txt	90.90	97.00	85.52	80.00	92.54	70.45	2392	74	405	62	5	26
296.txt	91.43	99.86	84.31	88.24	100.00	78.95	1435	2	267	45	0	12
297.txt	75.17	100.00	60.22	37.50	100.00	23.08	377	0	249	9	0	30
298.txt	97.67	96.08	99.31	94.92	93.33	96.55	1446	59	10	28	2	1
299.txt	97.85	99.58	96.19	96.20	100.00	92.68	1665	7	66	38	0	3
300.txt	96.62	95.54	97.72	87.50	87.50	87.50	729	34	17	21	3	3
301.txt	84.80	85.47	84.14	59.26	80.00	47.06	865	147	163	16	4	18
302.txt	78.66	68.61	92.16	50.00	50.00	50.00	94	43	8	1	1	1
303.txt	96.15	99.18	93.30	88.89	100.00	80.00	724	6	52	12	0	3
304.txt	85.23	97.99	75.41	75.39	100.00	60.50	3174	65	1035	144	0	94
305.txt	82.64	99.53	70.65	78.71	100.00	64.89	1052	5	437	61	0	33
306.txt	92.40	98.16	87.28	70.54	74.53	66.95	2669	50	389	79	27	39
307.txt	54.20	37.58	97.22	63.83	48.39	93.75	664	1103	19	15	16	1
308.txt	66.09	49.58	99.10	37.50	25.42	71.43	1983	2017	18	15	44	6
309.txt	78.22	73.80	83.20	61.95	71.43	54.69	2397	851	484	35	14	29
310.txt	95.60	92.09	99.39	75.00	75.00	75.00	163	14	1	3	1	1
311.txt	98.96	99.84	98.10	88.50	100.00	79.37	3823	6	74	50	0	13
312.txt	93.99	98.78	89.64	76.92	95.24	64.52	1056	13	122	20	1	11
313.txt	98.55	97.67	99.45	52.17	85.71	37.50	1805	43	10	6	1	10
314.txt	97.59	99.61	95.66	92.56	100.00	86.15	2027	8	92	56	0	9
315.txt	98.29	100.00	96.63	92.31	100.00	85.71	832	0	29	24	0	4
316.txt	99.00	99.91	98.11	85.71	100.00	75.00	3315	3	64	36	0	12
317.txt	97.51	96.65	98.38	98.70	100.00	97.44	1096	38	18	38	0	1
318.txt	97.53	97.18	97.89	96.97	100.00	94.12	1067	31	23	32	0	2
319.txt	67.05	94.31	52.01	38.89	55.96	29.80	2969	179	2739	183	144	431
320.txt	97.97	99.57	96.42	87.72	100.00	78.12	5116	22	190	100	0	28
321.txt	99.73	100.00	99.47	93.75	100.00	88.24	934	0	5	15	0	2
322.txt	50.58	89.59	35.24	29.63	100.00	17.39	499	58	917	12	0	57
323.txt	97.42	100.00	94.97	52.17	100.00	35.29	453	0	24	6	0	11
324.txt	95.02	93.74	96.34	58.29	47.54	75.32	4135	276	157	58	64	19
325.txt	77.33	93.07	66.14	51.25	45.56	58.57	2483	185	1271	41	49	29
326.txt	99.83	99.89	99.77	100.00	100.00	100.00	875	1	2	18	0	0
327.txt	97.68	100.00	95.47	40.00	100.00	25.00	400	0	19	1	0	3
328.txt	98.65	100.00	97.33	96.97	100.00	94.12	1532	0	42	48	0	3
329.txt	66.67	100.00	50.00	0.00	0.00	0.00	1	0	1	0	0	0
330.txt	93.10	99.73	87.29	67.57	100.00	51.02	2954	8	430	75	0	72
331.txt	92.18	98.02	86.99	78.72	94.87	67.27	990	20	148	37	2	18
332.txt	99.38	100.00	98.77	86.67	100.00	76.47	1447	0	18	13	0	4
333.txt	86.02	76.57	98.14	73.68	70.00	77.78	317	97	6	7	3	2
334.txt	87.56	98.70	78.68	59.12	94.00	43.12	1819	24	493	47	3	62
335.txt	99.88	100.00	99.76	100.00	100.00	100.00	829	0	2	9	0	0
336.txt	50.36	100.00	33.65	50.98	100.00	34.21	176	0	347	13	0	25
337.txt	85.66	90.85	81.03	65.67	88.00	52.38	645	65	151	22	3	20
338.txt	94.73	96.61	92.91	92.86	100.00	86.67	485	17	37	13	0	2
339.txt	99.17	100.00	98.36	90.91	100.00	83.33	961	0	16	10	0	2
340.txt	99.23	99.65	98.80	88.89	100.00	80.00	577	2	7	4	0	1
341.txt	97.95	97.38	98.53	96.55	100.00	93.33	6288	169	94	28	0	2
342.txt	90.58	98.13	84.11	71.70	98.28	56.44	2779	53	525	57	1	44
343.txt	96.77	94.15	99.55	92.31	94.74	90.00	2203	137	10	18	1	2
344.txt	97.32	99.63	95.12	92.54	100.00	86.11	800	3	41	31	0	5
345.txt	98.29	98.89	97.69	82.86	100.00	70.73	1521	17	36	29	0	12
346.txt	97.36	96.46	98.27	91.57	90.48	92.68	2673	98	47	38	4	3
347.txt	83.06	100.00	71.03	55.17	100.00	38.10	3835	0	1564	64	0	104
348.txt	95.08	100.00	90.61	94.74	100.00	90.00	280	0	29	9	0	1
349.txt	97.07	98.59	95.60	9.23	100.00	4.84	3215	46	148	6	0	118
350.txt	95.12	92.13	98.30	93.10	96.43	90.00	1101	94	19	27	1	3
351.txt	92.96	99.43	87.28	81.82	100.00	69.23	350	2	51	9	0	4
352.txt	28.80	95.42	16.96	8.60	100.00	4.49	292	14	1430	4	0	85
353.txt	94.39	94.66	94.13	96.00	96.00	96.00	2324	131	145	48	2	2
354.txt	99.96	100.00	99.91	98.82	100.00	97.67	3498	0	3	42	0	1
355.txt	99.25	100.00	98.51	92.86	100.00	86.67	727	0	11	13	0	2
356.txt	99.52	99.87	99.17	94.92	96.55	93.33	1560	2	13	28	1	2
357.txt	99.71	99.90	99.52	96.97	100.00	94.12	1043	1	5	16	0	1
358.txt	79.80	71.89	89.66	88.89	100.00	80.00	156	61	18	4	0	1
359.txt	86.99	83.60	90.66	73.75	66.29	83.10	5318	1043	548	118	60	24
360.txt	99.33	99.35	99.31	90.43	85.25	96.30	8299	54	58	156	27	6
361.txt	1.44	100.00	0.72	0.00	0.00	0.00	1	0	137	0	0	8
362.txt	89.93	99.87	81.80	63.64	100.00	46.67	746	1	166	21	0	24
363.txt	92.04	97.44	87.21	73.08	70.37	76.00	798	21	117	19	8	6
364.txt	92.66	99.71	86.53	63.16	85.71	50.00	347	1	54	6	1	6
365.txt	98.37	99.78	97.01	84.21	96.00	75.00	908	2	28	24	1	8
366.txt	0.28	100.00	0.14	0.00	0.00	0.00	1	0	713	0	0	120
367.txt	98.60	98.98	98.22	90.91	100.00	83.33	1656	17	30	10	0	2
368.txt	97.94	96.87	99.04	80.00	75.00	85.71	927	30	9	12	4	2
369.txt	0.37	100.00	0.18	0.00	0.00	0.00	1	0	543	0	0	38
370.txt	95.54	98.57	92.68	74.67	84.85	66.67	1102	16	87	28	5	14
371.txt	41.58	99.09	26.31	30.11	87.50	18.18	327	3	916	14	2	63
372.txt	99.07	100.00	98.16	92.11	100.00	85.37	1756	0	33	35	0	6
373.txt	97.72	99.94	95.58	86.58	100.00	76.34	8982	5	415	100	0	31
374.txt	88.45	99.53	79.59	76.47	100.00	61.90	1283	6	329	13	0	8
375.txt	0.98	100.00	0.49	0.00	0.00	0.00	1	0	203	0	0	26
376.txt	97.63	99.73	95.62	76.92	93.75	65.22	4102	11	188	45	3	24
377.txt	96.53	99.88	93.40	85.71	100.00	75.00	863	1	61	9	0	3
378.txt	92.45	99.56	86.28	78.08	95.00	66.28	2485	11	395	57	3	29
379.txt	98.61	99.44	97.80	93.62	95.65	91.67	533	3	12	22	1	2
380.txt	97.47	99.58	95.44	76.36	95.45	63.64	2638	11	126	21	1	12
381.txt	97.96	97.88	98.04	100.00	100.00	100.00	601	13	12	10	0	0
382.txt	98.68	100.00	97.39	93.55	100.00	87.88	1341	0	36	29	0	4
383.txt	92.54	99.60	86.41	76.47	100.00	61.90	248	1	39	13	0	8
384.txt	90.89	91.18	90.60	67.33	67.11	67.55	5043	488	523	102	50	49
385.txt	96.59	97.75	95.45	19.23	100.00	10.64	1825	42	87	5	0	42
386.txt	91.56	99.91	84.49	31.75	100.00	18.87	1117	1	205	10	0	43
387.txt	97.51	98.84	96.21	66.67	100.00	50.00	938	11	37	15	0	15
388.txt	92.72	99.91	86.50	55.56	100.00	38.46	3268	3	510	65	0	104
389.txt	95.49	100.00	91.36	55.56	100.00	38.46	1005	0	95	15	0	24
390.txt	99.23	100.00	98.47	87.18	100.00	77.27	2066	0	32	17	0	5
391.txt	99.73	99.84	99.62	95.74	97.83	93.75	1857	3	7	45	1	3
392.txt	94.08	96.08	92.16	79.17	100.00	65.52	1469	60	125	19	0	10
393.txt	98.83	99.36	98.29	97.30	100.00	94.74	1095	7	19	18	0	1
394.txt	95.71	98.42	93.15	81.69	100.00	69.05	5807	93	427	58	0	26
395.txt	93.24	94.79	91.73	54.79	90.91	39.22	1165	64	105	20	2	31
396.txt	97.63	99.68	95.66	93.40	99.33	88.13	20082	64	911	297	2	40
397.txt	98.58	99.30	97.87	94.74	100.00	90.00	1423	10	31	18	0	2
398.txt	81.27	98.90	68.97	69.66	100.00	53.45	3697	41	1663	93	0	81
399.txt	91.60	90.39	92.83	87.63	91.40	84.16	4234	450	327	85	8	16
400.txt	96.78	100.00	93.76	90.32	100.00	82.35	586	0	39	14	0	3
401.txt	99.55	99.82	99.29	93.88	95.83	92.00	1667	3	12	23	1	2
402.txt	99.00	98.92	99.07	93.46	94.34	92.59	5883	64	55	100	6	8
403.txt	96.30	98.81	93.91	90.40	100.00	82.47	2327	28	151	80	0	17
404.txt	88.68	98.20	80.84	59.06	100.00	41.90	4431	81	1050	44	0	61
405.txt	98.35	99.89	96.85	45.65	100.00	29.58	2829	3	92	21	0	50
406.txt	87.39	84.00	91.08	95.00	97.44	92.68	2378	453	233	38	1	3
407.txt	99.62	99.89	99.36	91.67	91.67	91.67	925	1	6	11	1	1
408.txt	96.56	100.00	93.36	95.24	100.00	90.91	1012	0	72	20	0	2
409.txt	62.53	73.81	54.24	46.31	77.78	32.97	1223	434	1032	91	26	185
410.txt	90.24	99.31	82.69	63.55	85.00	50.75	1003	7	210	34	6	33
411.txt	96.20	97.18	95.25	92.41	99.29	86.42	6538	190	326	140	1	22
412.txt	72.72	98.50	57.63	64.65	86.49	51.61	1186	18	872	32	5	30
413.txt	86.62	96.30	78.70	68.18	88.24	55.56	521	20	141	15	2	12
414.txt	94.14	98.98	89.76	89.43	93.31	85.87	5240	54	598	237	17	39
415.txt	99.28	99.79	98.77	100.00	100.00	100.00	482	1	6	7	0	0
416.txt	83.19	89.13	77.99	73.33	95.65	59.46	443	54	125	22	1	15
417.txt	99.47	99.93	99.01	99.29	100.00	98.59	4220	3	42	70	0	1
418.txt	92.43	90.95	93.96	97.89	100.00	95.87	12499	1243	803	348	0	15
419.txt	95.12	98.73	91.76	72.73	100.00	57.14	312	4	28	4	0	3
420.txt	98.02	99.96	96.16	94.25	100.00	89.13	2305	1	92	41	0	5
421.txt	99.57	99.48	99.66	90.91	83.33	100.00	579	3	2	5	1	0
422.txt	93.10	99.57	87.42	74.07	90.91	62.50	702	3	101	10	1	6
424.txt	99.20	99.96	98.45	92.31	100.00	85.71	2286	1	36	24	0	4
425.txt	97.13	99.70	94.69	93.40	99.50	88.00	13755	42	772	198	1	27
426.txt	93.90	97.17	90.84	92.13	95.35	89.13	2815	82	284	82	4	10
427.txt	99.13	98.84	99.42	83.33	71.43	100.00	340	4	2	5	2	0
428.txt	92.00	97.45	87.12	78.57	100.00	64.71	954	25	141	11	0	6
429.txt	98.98	99.26	98.69	98.18	100.00	96.43	2565	19	34	54	0	2
430.txt	36.72	99.78	22.50	24.07	100.00	13.68	453	1	1560	13	0	82
431.txt	89.15	92.67	85.89	64.55	100.00	47.66	6803	538	1118	112	0	123
433.txt	85.41	87.68	83.26	72.73	80.00	66.67	562	79	113	4	1	2
434.txt	99.11	99.91	98.31	91.67	100.00	84.62	1166	1	20	11	0	2
435.txt	99.03	99.91	98.17	90.91	100.00	83.33	1074	1	20	10	0	2
436.txt	87.44	78.01	99.48	88.89	80.00	100.00	571	161	3	8	2	0
437.txt	95.86	100.00	92.04	92.31	100.00	85.71	1272	0	110	30	0	5
438.txt	99.47	99.20	99.73	94.12	88.89	100.00	745	6	2	16	2	0
439.txt	70.99	92.29	57.67	35.36	94.12	21.77	1627	136	1194	32	2	115
440.txt	61.40	99.04	44.49	51.06	75.00	38.71	412	4	514	12	4	19
441.txt	96.98	100.00	94.14	82.35	100.00	70.00	305	0	19	7	0	3
442.txt	93.87	99.25	89.05	82.55	83.62	81.51	2651	20	326	97	19	22
443.txt	90.69	98.98	83.69	79.15	97.89	66.43	5232	54	1020	93	2	47
444.txt	54.97	38.18	98.13	66.67	50.00	100.00	105	170	2	4	4	0
445.txt	87.85	99.65	78.55	76.24	99.71	61.72	9593	34	2619	345	1	214
446.txt	91.01	94.16	88.07	50.00	83.33	35.71	709	44	96	5	1	9
447.txt	98.62	98.27	98.98	94.51	94.51	94.51	7064	124	73	86	5	5
448.txt	76.41	75.56	77.28	73.33	80.49	67.35	1354	438	398	33	8	16
449.txt	95.66	95.66	95.66	100.00	100.00	100.00	1455	66	66	15	0	0
450.txt	95.20	99.92	90.91	90.27	100.00	82.26	1240	1	124	51	0	11
451.txt	97.34	98.84	95.89	28.57	100.00	16.67	769	9	33	3	0	15
452.txt	99.29	100.00	98.58	96.70	100.00	93.62	2363	0	34	44	0	3
453.txt	94.67	98.04	91.53	89.22	89.22	89.22	10229	204	947	182	22	22
454.txt	89.40	99.09	81.44	72.54	100.00	56.91	3597	33	820	103	0	78
455.txt	98.39	97.72	99.07	88.61	92.11	85.37	3082	72	29	35	3	6
456.txt	74.26	68.89	80.54	51.55	48.08	55.56	1076	486	260	25	27	20
457.txt	93.53	89.61	97.81	90.32	84.85	96.55	2052	238	46	28	5	1
458.txt	0.21	100.00	0.11	0.00	0.00	0.00	1	0	951	0	0	64
459.txt	98.13	99.86	96.47	97.44	97.44	97.44	2102	3	77	38	1	1
460.txt	93.39	96.58	90.41	68.82	87.67	56.64	2431	86	258	64	9	49
461.txt	88.66	99.48	79.97	55.45	100.00	38.36	3246	17	813	56	0	90
462.txt	88.51	85.46	91.78	97.06	98.02	96.12	3898	663	349	99	2	4
463.txt	99.21	99.90	98.52	96.18	100.00	92.65	4196	4	63	63	0	5
464.txt	97.51	95.65	99.45	94.44	92.73	96.23	4000	182	22	51	4	2
465.txt	96.76	96.66	96.86	99.45	98.90	100.00	5611	194	182	90	1	0
466.txt	78.57	100.00	64.71	44.44	100.00	28.57	88	0	48	2	0	5
467.txt	98.54	99.62	97.49	87.43	97.56	79.21	8993	34	232	80	2	21
468.txt	66.98	76.03	59.85	24.81	88.89	14.41	939	296	630	16	2	95
469.txt	60.11	100.00	42.97	52.17	100.00	35.29	159	0	211	6	0	11
470.txt	83.00	99.53	71.17	68.27	98.61	52.21	1069	5	433	71	1	65
471.txt	2.30	100.00	1.16	0.00	0.00	0.00	1	0	85	0	0	8
472.txt	99.49	99.84	99.15	95.08	96.67	93.55	3740	6	32	58	2	4
473.txt	99.94	99.98	99.90	99.13	100.00	98.28	5844	1	6	57	0	1
474.txt	95.22	98.71	91.98	74.47	97.22	60.34	1685	22	147	35	1	23
475.txt	96.55	96.53	96.57	94.29	97.06	91.67	2896	104	103	33	1	3
476.txt	95.67	96.52	94.84	84.21	88.89	80.00	3048	110	166	40	5	10
477.txt	81.44	88.72	75.26	53.73	94.74	37.50	794	101	261	18	1	30
478.txt	98.79	99.70	97.89	80.95	85.00	77.27	1345	4	29	17	3	5
479.txt	80.94	99.53	68.19	46.55	100.00	30.34	2129	10	993	54	0	124
480.txt	94.75	96.00	93.53	70.59	70.59	70.59	1778	74	123	24	10	10
481.txt	98.28	100.00	96.62	92.31	100.00	85.71	2400	0	84	30	0	5
482.txt	99.65	100.00	99.31	98.18	100.00	96.43	2007	0	14	27	0	1
483.txt	83.54	82.99	84.09	71.43	96.15	56.82	1015	208	192	25	1	19
484.txt	97.13	97.95	96.32	81.48	100.00	68.75	812	17	31	11	0	5
485.txt	98.11	99.73	96.53	9.23	60.00	5.00	2563	7	92	3	2	57
486.txt	98.10	98.29	97.90	99.27	100.00	98.55	3682	64	79	68	0	1
487.txt	86.17	99.66	75.90	70.77	95.83	56.10	888	3	282	23	1	18
488.txt	0.33	100.00	0.17	0.00	0.00	0.00	1	0	599	0	0	146
489.txt	99.60	99.77	99.43	92.75	100.00	86.49	1747	4	10	32	0	5
490.txt	83.87	98.11	73.24	80.00	100.00	66.67	52	1	19	2	0	1
491.txt	90.40	99.57	82.78	75.61	96.88	62.00	1865	8	388	62	2	38
492.txt	99.38	100.00	98.77	100.00	100.00	100.00	884	0	11	12	0	0
493.txt	95.65	98.72	92.77	88.27	98.75	79.80	4014	52	313	79	1	20
494.txt	99.24	99.84	98.64	97.56	100.00	95.24	1890	3	26	60	0	3
495.txt	4.76	100.00	2.44	0.00	0.00	0.00	1	0	40	0	0	3
496.txt	98.41	99.36	97.48	90.91	100.00	83.33	309	2	8	5	0	1
497.txt	96.13	98.95	93.47	87.32	97.89	78.81	5107	54	357	93	2	25
498.txt	93.83	96.85	90.99	55.02	45.40	69.81	3102	101	307	74	89	32
499.txt	79.03	99.05	65.74	54.17	100.00	37.14	1042	10	543	26	0	44
500.txt	93.30	99.63	87.72	70.42	100.00	54.35	1357	5	190	25	0	21
501.txt	91.03	99.76	83.70	82.24	100.00	69.84	2967	7	578	88	0	38
502.txt	87.55	94.97	81.20	73.17	83.33	65.22	812	43	188	30	6	16
503.txt	99.81	99.89	99.73	96.55	100.00	93.33	1866	2	5	14	0	1
504.txt	90.35	99.10	83.03	87.80	100.00	78.26	768	7	157	18	0	5
505.txt	97.88	99.06	96.73	74.44	79.29	70.16	7781	74	263	134	35	57
506.txt	92.46	99.30	86.50	83.96	97.52	73.71	5383	38	840	157	4	56
507.txt	99.53	100.00	99.06	92.86	100.00	86.67	1478	0	14	13	0	2
508.txt	72.67	99.55	57.22	23.08	100.00	13.04	222	1	166	6	0	40
509.txt	96.48	100.00	93.20	93.33	100.00	87.50	823	0	60	49	0	7
510.txt	99.23	99.81	98.67	90.00	90.00	90.00	518	1	7	9	1	1
561.txt	96.46	99.22	93.84	84.21	100.00	72.73	381	3	25	8	0	3
562.txt	66.02	94.99	50.59	37.80	88.57	24.03	644	34	629	31	4	98
563.txt	92.32	96.65	88.36	63.51	98.95	46.77	6165	214	812	94	1	107
564.txt	92.51	100.00	86.07	90.91	100.00	83.33	482	0	78	10	0	2
565.txt	97.07	100.00	94.30	89.74	100.00	81.40	1192	0	72	35	0	8
566.txt	96.85	100.00	93.88	95.65	100.00	91.67	1090	0	71	11	0	1
567.txt	68.88	92.38	54.91	36.96	89.47	23.29	570	47	468	17	2	56
568.txt	97.75	97.05	98.46	94.94	98.68	91.46	3524	107	55	75	1	7
569.txt	71.08	100.00	55.14	50.00	100.00	33.33	102	0	83	3	0	6
570.txt	77.41	99.94	63.17	53.19	98.04	36.50	1696	1	989	50	1	87
571.txt	27.83	96.40	16.26	15.09	100.00	8.16	107	4	551	4	0	45
572.txt	69.55	100.00	53.32	32.65	100.00	19.51	466	0	408	16	0	66
573.txt	94.98	98.79	91.46	73.68	63.64	87.50	653	8	61	14	8	2
574.txt	97.97	100.00	96.03	87.18	100.00	77.27	943	0	39	17	0	5
575.txt	74.46	97.36	60.28	13.79	100.00	7.41	1108	30	730	8	0	100
576.txt	97.85	99.92	95.86	93.75	98.68	89.29	2452	2	106	75	1	9
577.txt	79.02	99.59	65.49	21.43	100.00	12.00	241	1	127	3	0	22
578.txt	87.47	100.00	77.72	77.42	100.00	63.16	321	0	92	12	0	7
579.txt	79.23	79.11	79.34	40.94	89.66	26.53	1640	433	427	26	3	72
580.txt	99.62	100.00	99.24	80.00	100.00	66.67	131	0	1	2	0	1
581.txt	81.04	100.00	68.12	49.18	100.00	32.61	733	0	343	15	0	31
582.txt	87.64	81.86	94.30	80.00	78.26	81.82	993	220	60	18	5	4
583.txt	93.77	90.02	97.83	91.89	85.00	100.00	1128	125	25	17	3	0
584.txt	99.25	98.65	99.85	93.10	90.00	96.43	2639	36	4	27	3	1
585.txt	73.79	58.62	99.55	88.89	80.00	100.00	221	156	1	8	2	0
586.txt	46.96	96.21	31.06	8.47	100.00	4.42	533	21	1183	5	0	108
587.txt	17.96	100.00	9.87	4.26	100.00	2.17	52	0	475	1	0	45
588.txt	94.04	97.88	90.48	75.40	100.00	60.52	4621	100	486	187	0	122
589.txt	99.51	99.73	99.29	92.31	100.00	85.71	1120	3	8	12	0	2
590.txt	95.85	99.36	92.58	94.77	97.84	91.89	3083	20	247	272	6	24
591.txt	95.61	93.25	98.10	80.00	66.67	100.00	774	56	15	2	1	0
592.txt	70.22	58.34	88.17	48.74	44.62	53.70	1081	772	145	29	36	25
593.txt	97.89	99.90	95.97	48.00	100.00	31.58	1023	1	43	6	0	13
594.txt	89.61	98.86	81.94	58.29	96.67	41.73	1565	18	345	58	2	81
595.txt	80.51	99.87	67.44	29.55	100.00	17.33	785	1	379	13	0	62
596.txt	99.47	99.89	99.06	93.75	97.83	90.00	2647	3	25	45	1	5
597.txt	1.24	100.00	0.62	0.00	0.00	0.00	1	0	159	0	0	26
598.txt	87.61	91.99	83.63	42.11	100.00	26.67	930	81	182	8	0	22
599.txt	99.27	100.00	98.54	93.58	100.00	87.93	1486	0	22	51	0	7
60.txt	98.92	99.89	97.97	77.78	100.00	63.64	916	1	19	7	0	4
600.txt	96.67	100.00	93.56	66.67	100.00	50.00	668	0	46	11	0	11
601.txt	94.11	99.05	89.64	66.67	100.00	50.00	1566	15	181	21	0	21
602.txt	89.87	90.93	88.83	96.43	96.43	96.43	692	69	87	27	1	1
603.txt	87.84	97.01	80.25	33.33	100.00	20.00	130	4	32	1	0	4
604.txt	93.36	95.30	91.51	87.50	97.67	79.25	2596	128	241	42	1	11
605.txt	93.40	90.93	96.00	93.67	97.37	90.24	792	79	33	37	1	4
606.txt	1.26	100.00	0.63	0.00	0.00	0.00	1	0	157	0	0	20
607.txt	98.21	98.32	98.09	94.62	100.00	89.80	3037	52	59	44	0	5
608.txt	98.72	99.70	97.75	92.96	100.00	86.84	1001	3	23	33	0	5
609.txt	94.26	93.51	95.03	93.10	96.43	90.00	936	65	49	27	1	3
61.txt	19.40	66.98	11.34	7.89	100.00	4.11	71	35	555	3	0	70
610.txt	93.95	99.32	89.13	65.50	100.00	48.70	3771	26	460	56	0	59
611.txt	96.72	99.76	93.85	95.87	100.00	92.06	2960	7	194	116	0	10
612.txt	0.13	100.00	0.06	0.00	0.00	0.00	1	0	1562	0	0	229
613.txt	97.98	96.40	99.61	88.24	83.33	93.75	1019	38	4	15	3	1
614.txt	98.10	97.59	98.62	94.29	97.06	91.67	3279	81	46	33	1	3
615.txt	55.99	48.70	65.85	32.00	40.00	26.67	243	256	126	4	6	11
616.txt	99.23	100.00	98.47	92.75	100.00	86.49	1869	0	29	32	0	5
617.txt	78.81	100.00	65.03	35.90	100.00	21.88	491	0	264	7	0	25
618.txt	0.40	100.00	0.20	0.00	0.00	0.00	1	0	496	0	0	32
619.txt	97.31	99.42	95.29	75.00	100.00	60.00	1032	6	51	12	0	8
62.txt	98.08	99.47	96.73	91.12	95.16	87.41	3931	21	133	118	6	17
620.txt	94.19	99.19	89.68	80.25	98.48	67.71	3179	26	366	65	1	31
621.txt	99.16	98.66	99.66	89.66	86.67	92.86	1174	16	4	13	2	1
622.txt	95.79	99.21	92.60	87.50	100.00	77.78	1389	11	111	28	0	8
623.txt	93.58	99.89	88.02	76.11	97.86	62.27	3689	4	502	137	3	83
624.txt	97.80	98.62	96.99	92.50	97.37	88.10	5988	84	186	111	3	15
625.txt	60.73	56.36	65.84	54.55	85.71	40.00	133	103	69	6	1	9
626.txt	99.69	99.76	99.62	97.86	100.00	95.82	26374	63	101	229	0	10
627.txt	99.17	100.00	98.36	94.74	100.00	90.00	659	0	11	18	0	2
628.txt	97.50	99.43	95.64	93.33	100.00	87.50	527	3	24	7	0	1
629.txt	94.26	99.87	89.25	73.84	97.17	59.54	9634	13	1161	103	3	70
63.txt	63.45	93.54	48.00	30.61	100.00	18.07	565	39	612	15	0	68
630.txt	99.34	99.95	98.74	87.50	97.22	79.55	4009	2	51	35	1	9
631.txt	99.19	99.95	98.44	74.76	97.47	60.63	6392	3	101	77	2	50
632.txt	94.12	99.95	88.94	47.92	100.00	31.51	1858	1	231	23	0	50
633.txt	94.22	99.85	89.19	53.33	94.12	37.21	1989	3	241	32	2	54
634.txt	95.42	99.95	91.28	59.30	99.03	42.32	4241	2	405	102	1	139
635.txt	92.52	99.94	86.12	61.97	100.00	44.90	1756	1	283	44	0	54
636.txt	95.43	99.95	91.30	62.40	100.00	45.35	2172	1	207	39	0	47
637.txt	98.31	100.00	96.67	88.52	100.00	79.41	1682	0	58	27	0	7
638.txt	83.44	98.63	72.30	40.00	71.43	27.78	650	9	249	10	4	26
639.txt	97.31	99.77	94.97	75.00	100.00	60.00	7224	17	383	108	0	72
64.txt	99.23	99.70	98.76	89.47	100.00	80.95	3026	9	38	17	0	4
640.txt	97.63	99.47	95.86	81.01	96.97	69.57	1321	7	57	32	1	14
641.txt	99.59	99.62	99.56	96.00	97.30	94.74	3172	12	14	36	1	2
642.txt	98.32	99.91	96.77	90.00	100.00	81.82	1170	1	39	18	0	4
643.txt	97.68	99.97	95.49	88.89	97.96	81.36	3431	1	162	48	1	11
644.txt	90.00	98.26	83.02	68.09	100.00	51.61	1467	26	300	32	0	30
645.txt	88.82	99.29	80.35	25.81	100.00	14.81	556	4	136	4	0	23
646.txt	99.09	99.70	98.49	87.27	84.21	90.57	3642	11	56	48	9	5
647.txt	90.31	99.77	82.50	69.23	96.43	54.00	853	2	181	27	1	23
648.txt	98.58	99.92	97.27	96.26	97.83	94.74	2601	2	73	90	2	5
649.txt	20.05	98.86	11.15	3.85	100.00	1.96	87	1	693	2	0	100
65.txt	87.21	87.93	86.49	72.97	95.74	58.95	13063	1793	2040	247	11	172
650.txt	92.10	99.88	85.45	86.27	100.00	75.86	799	1	136	22	0	7
651.txt	95.95	99.84	92.36	81.91	96.25	71.30	4337	7	359	77	3	31
652.txt	90.15	99.77	82.23	76.71	96.55	63.64	879	2	190	28	1	16
653.txt	75.22	95.38	62.09	50.91	96.55	34.57	868	42	530	28	1	53
654.txt	83.05	99.32	71.36	68.97	100.00	52.63	436	3	175	10	0	9
655.txt	60.31	94.59	44.27	42.25	78.95	28.85	367	21	462	15	4	37
656.txt	93.97	99.78	88.80	84.62	100.00	73.33	920	2	116	33	0	12
657.txt	48.34	85.83	33.64	19.51	80.00	11.11	109	18	215	4	1	32
658.txt	99.54	99.76	99.33	97.44	96.94	97.94	3277	8	22	95	3	2
659.txt	98.64	98.46	98.81	85.71	77.78	95.45	2243	35	27	21	6	1
66.txt	98.22	98.81	97.64	94.12	100.00	88.89	1574	19	38	16	0	2
660.txt	84.49	85.08	83.91	69.00	84.15	58.47	2869	503	550	69	13	49
661.txt	93.01	95.49	90.65	81.48	91.67	73.33	572	27	59	11	1	4
662.txt	99.68	99.75	99.61	98.65	98.65	98.65	6314	16	25	73	1	1
663.txt	88.82	99.92	79.95	85.49	100.00	74.66	2420	2	607	109	0	37
664.txt	99.12	99.91	98.35	95.08	100.00	90.62	1073	1	18	29	0	3
665.txt	53.78	86.07	39.11	12.05	100.00	6.41	210	34	327	5	0	73
666.txt	76.77	89.31	67.32	60.61	90.91	45.45	309	37	150	10	1	12
667.txt	96.34	99.63	93.25	84.73	100.00	73.50	3497	13	253	86	0	31
668.txt	3.64	100.00	1.85	0.00	0.00	0.00	1	0	53	0	0	7
669.txt	72.90	58.88	95.70	5.26	8.33	3.85	756	528	34	1	11	25
67.txt	69.47	97.32	54.02	28.57	100.00	16.67	800	22	681	16	0	80
670.txt	47.95	98.75	31.66	31.91	75.00	20.27	945	12	2040	15	5	59
671.txt	99.92	99.84	100.00	96.00	92.31	100.00	1258	2	0	12	1	0
672.txt	93.42	95.34	91.58	79.46	91.47	70.24	4374	214	402	118	11	50
673.txt	98.11	98.92	97.31	94.44	100.00	89.47	1192	13	33	17	0	2
674.txt	98.09	99.23	96.98	92.31	100.00	85.71	5643	44	176	78	0	13
675.txt	95.24	92.34	98.32	84.28	76.14	94.37	1760	146	30	67	21	4
676.txt	97.14	99.72	94.69	14.29	100.00	7.69	713	2	40	2	0	24
677.txt	98.65	98.36	98.95	93.15	89.47	97.14	1795	30	19	34	4	1
678.txt	95.39	98.47	92.51	86.67	92.86	81.25	321	5	26	13	1	3
679.txt	96.16	99.10	93.39	89.32	99.51	81.03	9506	86	673	205	1	48
68.txt	24.60	87.76	14.31	14.29	100.00	7.69	208	29	1246	2	0	24
680.txt	91.33	97.67	85.76	37.84	77.78	25.00	1090	26	181	7	2	21
681.txt	97.21	99.28	95.23	95.92	98.95	93.07	2354	17	118	94	1	7
682.txt	97.62	98.98	96.29	95.65	100.00	91.67	1454	15	56	33	0	3
683.txt	99.55	99.35	99.76	99.02	99.02	99.02	3355	22	8	101	1	1
684.txt	99.17	98.97	99.37	90.76	98.18	84.38	5363	56	34	54	1	10
685.txt	99.45	100.00	98.90	96.30	100.00	92.86	1435	0	16	26	0	2
686.txt	85.35	100.00	74.44	73.64	100.00	58.28	4591	0	1576	88	0	63
687.txt	97.99	99.41	96.61	68.97	100.00	52.63	1851	11	65	10	0	9
688.txt	97.72	97.23	98.23	75.82	81.69	70.73	4485	128	81	58	13	24
689.txt	96.61	99.78	93.64	92.59	100.00	86.21	913	2	62	25	0	4
69.txt	97.72	99.38	96.11	96.77	96.77	96.77	1285	8	52	30	1	1
690.txt	66.67	100.00	50.00	0.00	0.00	0.00	1	0	1	0	0	0
691.txt	55.69	98.89	38.76	47.89	98.08	31.68	1427	16	2255	51	1	110
692.txt	94.75	91.83	97.86	87.18	85.00	89.47	776	69	17	17	3	2
693.txt	80.86	68.77	98.10	80.00	66.67	100.00	207	94	4	6	3	0
694.txt	95.70	96.36	95.04	94.12	100.00	88.89	556	21	29	16	0	2
695.txt	96.45	93.38	99.73	82.14	71.88	95.83	748	53	2	23	9	1
696.txt	98.80	99.43	98.18	97.87	100.00	95.83	2637	15	49	69	0	3
697.txt	66.67	100.00	50.00	0.00	0.00	0.00	1	0	1	0	0	0
698.txt	99.56	100.00	99.12	94.74	100.00	90.00	338	0	3	9	0	1
699.txt	97.07	99.85	94.45	91.07	98.08	85.00	2653	4	156	51	1	9
70.txt	99.66	99.91	99.42	98.90	100.00	97.83	2228	2	13	45	0	1
700.txt	96.64	99.23	94.19	86.49	94.12	80.00	648	5	40	16	1	4
701.txt	98.18	100.00	96.43	91.67	100.00	84.62	1676	0	62	22	0	4
702.txt	97.05	99.87	94.38	94.04	99.30	89.31	3863	5	230	142	1	17
703.txt	97.83	98.96	96.71	14.29	100.00	7.69	2294	24	78	2	0	24
704.txt	97.70	96.96	98.46	100.00	100.00	100.00	1085	34	17	21	0	0
705.txt	95.83	97.41	94.30	83.76	100.00	72.06	3011	80	182	49	0	19
706.txt	88.69	100.00	79.68	50.00	100.00	33.33	247	0	63	4	0	8
707.txt	0.94	0.47	100.00	0.00	0.00	0.00	2	422	0	0	1	0
708.txt	94.28	99.43	89.64	78.48	92.08	68.38	1557	9	180	93	8	43
709.txt	98.38	99.66	97.12	80.57	97.70	68.55	2635	9	78	85	2	39
71.txt	97.13	99.73	94.65	86.09	98.48	76.47	3380	9	191	65	1	20
710.txt	98.26	100.00	96.58	89.19	100.00	80.49	1244	0	44	33	0	8
711.txt	98.46	99.79	97.17	86.67	100.00	76.47	960	2	28	13	0	4
712.txt	96.77	99.84	93.89	91.67	100.00	84.62	630	1	41	22	0	4
713.txt	99.27	99.60	98.95	91.30	95.45	87.50	2251	9	24	21	1	3
714.txt	21.19	99.22	11.86	4.30	100.00	2.20	128	1	951	2	0	89
715.txt	61.04	99.08	44.10	29.51	97.01	17.40	3235	30	4100	162	5	769
716.txt	97.50	98.94	96.09	86.18	100.00	75.72	4672	50	190	131	0	42
717.txt	29.62	35.79	25.26	12.77	50.00	7.32	97	174	287	3	3	38
718.txt	47.26	90.00	32.04	16.08	88.89	8.84	1044	116	2214	32	4	330
719.txt	97.36	100.00	94.86	92.63	100.00	86.27	1403	0	76	44	0	7
72.txt	95.99	100.00	92.29	87.50	100.00	77.78	1521	0	127	35	0	10
720.txt	91.68	100.00	84.64	62.07	100.00	45.00	463	0	84	9	0	11
721.txt	95.79	99.82	92.07	78.43	100.00	64.52	1138	2	98	20	0	11
722.txt	99.61	100.00	99.23	96.30	100.00	92.86	2055	0	16	26	0	2
723.txt	99.43	99.94	98.92	92.80	100.00	86.57	3468	2	38	58	0	9
724.txt	3.33	100.00	1.69	0.00	0.00	0.00	1	0	58	0	0	2
725.txt	89.17	100.00	80.46	69.23	100.00	52.94	1894	0	460	36	0	32
726.txt	98.25	98.68	97.81	76.47	96.30	63.41	2772	37	62	26	1	15
727.txt	87.50	100.00	77.78	40.00	100.00	25.00	49	0	14	1	0	3
728.txt	96.88	97.20	96.56	94.58	97.96	91.43	3541	102	126	96	2	9
729.txt	82.41	71.98	96.35	93.33	87.50	100.00	185	72	7	7	1	0
73.txt	34.00	85.32	21.23	8.70	50.00	4.76	93	16	345	1	1	20
730.txt	96.49	100.00	93.23	73.68	100.00	58.33	1156	0	84	14	0	10
731.txt	98.01	99.65	96.42	86.81	88.76	84.95	4332	15	161	79	10	14
732.txt	83.36	89.36	78.12	76.32	96.67	63.04	932	111	261	29	1	17
733.txt	97.19	99.66	94.84	90.48	95.00	86.36	883	3	48	19	1	3
734.txt	88.41	85.53	91.48	80.00	92.31	70.59	2299	389	214	12	1	5
735.txt	99.48	100.00	98.97	94.12	100.00	88.89	481	0	5	8	0	1
736.txt	96.37	98.38	94.45	89.60	93.33	86.15	1701	28	100	56	4	9
737.txt	89.97	99.72	81.97	60.53	100.00	43.40	1400	4	308	23	0	30
738.txt	97.84	99.93	95.84	92.21	99.12	86.21	10164	7	441	225	2	36
739.txt	94.99	99.89	90.54	82.99	99.01	71.43	4595	5	480	100	1	40
74.txt	0.12	100.00	0.06	0.00	0.00	0.00	1	0	1639	0	0	304
740.txt	96.38	97.82	94.98	95.24	100.00	90.91	851	19	45	20	0	2
741.txt	99.75	100.00	99.50	94.74	100.00	90.00	990	0	5	9	0	1
742.txt	99.33	99.91	98.76	95.47	95.87	95.08	5419	5	68	116	5	6
743.txt	99.56	99.65	99.47	100.00	100.00	100.00	1689	6	9	64	0	0
744.txt	97.00	95.74	98.29	95.24	98.04	92.59	2471	110	43	50	1	4
745.txt	88.70	87.43	90.00	84.62	91.67	78.57	459	66	51	11	1	3
746.txt	94.03	98.27	90.15	81.75	100.00	69.14	4272	75	467	56	0	25
747.txt	99.25	99.90	98.60	94.34	100.00	89.29	987	1	14	25	0	3
748.txt	94.18	95.94	92.49	76.67	92.00	65.71	2081	88	169	23	2	12
749.txt	98.36	98.71	98.01	34.09	93.75	20.83	9480	124	192	15	1	57
75.txt	97.67	99.96	95.49	57.10	98.92	40.13	11165	5	527	183	2	273
750.txt	2.44	100.00	1.23	0.00	0.00	0.00	1	0	80	0	0	6
752.txt	99.69	99.89	99.49	93.55	93.55	93.55	2749	3	14	29	2	2
754.txt	95.24	95.09	95.40	85.71	90.00	81.82	871	45	42	9	1	2
755.txt	93.10	97.96	88.70	62.21	98.03	45.57	7537	157	960	149	3	178
756.txt	97.20	100.00	94.55	86.08	100.00	75.56	1891	0	109	34	0	11
757.txt	0.49	100.00	0.24	0.00	0.00	0.00	1	0	410	0	0	32
758.txt	31.41	90.97	18.99	13.56	50.00	7.84	131	13	559	4	4	47
759.txt	96.18	99.02	93.51	81.82	81.82	81.82	504	5	35	9	2	2
76.txt	95.81	97.42	94.25	73.53	98.87	58.53	10880	288	664	175	2	124
760.txt	95.99	99.67	92.56	66.67	85.71	54.55	610	2	49	6	1	5
761.txt	71.51	91.05	58.88	42.95	66.67	31.68	1048	103	732	32	16	69
762.txt	95.99	99.16	93.02	88.64	100.00	79.59	3184	27	239	78	0	20
763.txt	93.30	93.88	92.73	81.76	89.04	75.58	3188	208	250	65	8	21
764.txt	94.77	95.96	93.61	84.44	93.14	77.24	3705	156	253	95	7	28
765.txt	71.27	99.74	55.44	33.61	100.00	20.20	1152	3	926	20	0	79
766.txt	73.29	89.39	62.11	43.75	58.33	35.00	295	35	180	7	5	13
767.txt	89.57	99.69	81.31	60.61	90.91	45.45	322	1	74	10	1	12
768.txt	0.21	100.00	0.10	0.00	0.00	0.00	1	0	957	0	0	23
77.txt	96.67	99.03	94.42	88.24	100.00	78.95	1016	10	60	30	0	8
770.txt	93.55	99.79	88.05	66.67	100.00	50.00	1930	4	262	23	0	23
771.txt	99.45	99.06	99.84	90.70	86.67	95.12	2428	23	4	39	6	2
772.txt	93.62	97.67	89.90	95.83	100.00	92.00	1299	31	146	69	0	6
773.txt	96.92	100.00	94.03	72.73	100.00	57.14	724	0	46	8	0	6
774.txt	98.56	100.00	97.16	90.62	100.00	82.86	2837	0	83	58	0	12
775.txt	35.17	90.73	21.82	11.11	66.67	6.06	137	14	491	2	1	31
776.txt	94.78	92.42	97.27	90.32	93.33	87.50	854	70	24	14	1	2
777.txt	97.28	99.91	94.78	27.27	100.00	15.79	1107	1	61	3	0	16
778.txt	98.59	98.79	98.38	96.61	98.28	95.00	2619	32	43	57	1	3
779.txt	97.57	99.56	95.66	94.12	100.00	88.89	2688	12	122	64	0	8
78.txt	93.68	96.99	90.58	3.85	100.00	1.96	1193	37	124	1	0	50
780.txt	98.71	99.89	97.56	92.31	97.67	87.50	1801	2	45	42	1	6
781.txt	44.08	95.71	28.63	18.75	100.00	10.34	268	12	668	6	0	52
782.txt	99.60	99.69	99.50	94.38	95.45	93.33	2587	8	13	42	2	3
783.txt	97.87	99.94	95.88	90.91	99.17	83.92	6584	4	283	120	1	23
784.txt	98.80	99.89	97.72	89.47	100.00	80.95	1804	2	42	34	0	8
785.txt	95.31	96.44	94.20	36.67	37.93	35.48	1899	70	117	22	36	40
786.txt	97.20	100.00	94.54	97.44	100.00	95.00	901	0	52	19	0	1
787.txt	27.05	98.17	15.69	20.00	75.00	11.54	107	2	575	3	1	23
788.txt	96.39	98.96	93.95	74.42	71.11	78.05	1242	13	80	32	13	9
789.txt	96.16	100.00	92.61	88.89	100.00	80.00	827	0	66	20	0	5
79.txt	84.44	75.25	96.20	57.14	40.00	100.00	76	25	3	2	3	0
790.txt	98.93	100.00	97.88	96.55	100.00	93.33	1617	0	35	42	0	3
791.txt	93.98	96.23	91.82	83.72	90.00	78.26	741	29	66	18	2	5
792.txt	91.67	96.07	87.67	16.44	100.00	8.96	1514	62	213	6	0	61
793.txt	97.89	99.66	96.18	81.82	94.74	72.00	3219	11	128	18	1	7
794.txt	99.22	99.94	98.51	93.67	97.37	90.24	1720	1	26	37	1	4
795.txt	66.67	100.00	50.00	0.00	0.00	0.00	1	0	1	0	0	0
796.txt	76.99	98.66	63.13	46.15	80.77	32.31	1101	15	643	21	5	44
797.txt	97.32	98.43	96.24	90.00	85.71	94.74	691	11	27	18	3	1
798.txt	98.52	97.14	99.94	93.94	91.18	96.88	1664	49	1	31	3	1
799.txt	97.67	99.96	95.49	88.14	100.00	78.79	2436	1	115	52	0	14
80.txt	79.34	83.63	75.47	92.56	100.00	86.14	7689	1505	2499	143	0	23
81.txt	94.70	93.13	96.32	75.00	85.71	66.67	1153	85	44	12	2	6
82.txt	9.52	100.00	5.00	0.00	0.00	0.00	1	0	19	0	0	4
83.txt	94.47	99.27	90.12	80.80	87.45	75.08	11501	85	1261	223	32	74
84.txt	95.12	99.88	90.80	76.19	100.00	61.54	2397	3	243	24	0	15
85.txt	76.40	96.70	63.14	40.30	100.00	25.23	937	32	547	27	0	80
86.txt	91.48	89.01	94.09	97.56	95.24	100.00	1369	169	86	20	1	0
87.txt	99.68	99.36	100.00	96.97	94.12	100.00	1084	7	0	16	1	0
88.txt	96.89	97.59	96.20	83.19	76.84	90.68	4204	104	166	146	44	15
89.txt	96.73	99.66	93.98	93.55	100.00	87.88	1170	4	75	29	0	4
90.txt	94.78	95.70	93.87	81.72	90.48	74.51	1960	88	128	38	4	13
91.txt	88.08	93.70	83.09	78.64	93.55	67.84	4251	286	865	116	8	55
92.txt	99.70	100.00	99.40	98.36	100.00	96.77	823	0	5	30	0	1
93.txt	100.00	100.00	100.00	100.00	100.00	100.00	671	0	0	7	0	0
94.txt	100.00	100.00	100.00	100.00	100.00	100.00	1583	0	0	7	0	0
95.txt	99.69	99.90	99.48	100.00	100.00	100.00	2086	2	11	21	0	0
96.txt	86.58	98.28	77.37	47.62	100.00	31.25	400	7	117	5	0	11
97.txt	99.83	99.83	99.83	100.00	100.00	100.00	1149	2	2	16	0	0
98.txt	99.54	99.98	99.10	95.89	98.59	93.33	4712	1	43	70	1	5
99.txt	85.03	80.15	90.53	93.02	95.24	90.91	1587	393	166	40	2	4
